0.000000 2.000000
0.050000 1.998750
0.100000 1.995004
0.150000 1.988771
0.200000 1.980067
0.250000 1.968912
0.300000 1.955336
0.350000 1.939373
0.400000 1.921061
0.450000 1.900447
0.500000 1.877583
0.550000 1.852525
0.600000 1.825336
0.650000 1.796084
0.700000 1.764842
0.750000 1.731689
0.800000 1.696707
0.850000 1.659983
0.900000 1.621610
0.950000 1.581683
1.000000 1.540302
1.050000 1.497571
1.100000 1.453596
1.150000 1.408487
1.200000 1.362358
1.250000 1.315322
1.300000 1.267499
1.350000 1.219007
1.400000 1.169967
1.450000 1.120503
1.500000 1.070737
1.550000 1.020795
1.600000 0.970800
1.650000 0.920879
1.700000 0.871156
1.750000 0.821754
1.800000 0.772798
1.850000 0.724410
1.900000 0.676710
1.950000 0.629819
2.000000 0.583853
2.050000 0.538927
2.100000 0.495154
2.150000 0.452642
2.200000 0.411499
2.250000 0.371826
2.300000 0.333724
2.350000 0.297287
2.400000 0.262606
2.450000 0.229769
2.500000 0.198856
2.550000 0.169946
2.600000 0.143111
2.650000 0.118418
2.700000 0.095928
2.750000 0.075698
2.800000 0.057778
2.850000 0.042213
2.900000 0.029042
2.950000 0.018298
3.000000 0.010008
3.050000 0.004192
3.100000 0.000865
3.150000 0.000035
3.200000 0.001705
3.250000 0.005870
3.300000 0.012520
3.350000 0.021638
3.400000 0.033202
3.450000 0.047182
3.500000 0.063543
3.550000 0.082245
3.600000 0.103242
3.650000 0.126479
3.700000 0.151900
3.750000 0.179441
3.800000 0.209032
3.850000 0.240601
3.900000 0.274068
3.950000 0.309349
4.000000 0.346356
4.050000 0.384998
4.100000 0.425176
4.150000 0.466791
4.200000 0.509739
4.250000 0.553913
4.300000 0.599201
4.350000 0.645491
4.400000 0.692667
4.450000 0.740611
4.500000 0.789204
4.550000 0.838324
4.600000 0.887847
4.650000 0.937651
4.700000 0.987611
4.750000 1.037602
4.800000 1.087499
4.850000 1.137177
4.900000 1.186512
4.950000 1.235381
5.000000 1.283662
5.050000 1.331234
5.100000 1.377978
5.150000 1.423777
5.200000 1.468517
5.250000 1.512085
5.300000 1.554374
5.350000 1.595278
5.400000 1.634693
5.450000 1.672522
5.500000 1.708670
5.550000 1.743046
5.600000 1.775566
5.650000 1.806147
5.700000 1.834713
5.750000 1.861192
5.800000 1.885520
5.850000 1.907633
5.900000 1.927478
5.950000 1.945005
6.000000 1.960170
