1.570796 0.461194
1.620796 0.472096
1.670796 0.485686
1.720796 0.501944
1.770796 0.520844
1.820796 0.542353
1.870796 0.566435
1.920796 0.593046
1.970796 0.622135
2.020796 0.653650
2.070796 0.687529
2.120796 0.723707
2.170796 0.762113
2.220796 0.802673
2.270796 0.845304
2.320796 0.889922
2.370796 0.936439
2.420796 0.984759
2.470796 1.034784
2.520796 1.086414
2.570796 1.139543
2.620796 1.194061
2.670796 1.249858
2.720796 1.306819
2.770796 1.364825
2.820796 1.423759
2.870796 1.483497
2.920796 1.543918
2.970796 1.604895
3.020796 1.666303
3.070796 1.728016
3.120796 1.789905
3.170796 1.851843
3.220796 1.913702
3.270796 1.975355
3.320796 2.036675
3.370796 2.097537
3.420796 2.157816
3.470796 2.217389
3.520796 2.276135
3.570796 2.333935
3.620796 2.390673
3.670796 2.446235
3.720796 2.500509
3.770796 2.553389
3.820796 2.604770
3.870796 2.654552
3.920796 2.702638
3.970796 2.748938
4.020796 2.793362
4.070796 2.835829
4.120796 2.876260
4.170796 2.914581
4.220796 2.950727
4.270796 2.984633
4.320796 3.016244
4.370796 3.045508
4.420796 3.072381
4.470796 3.096822
4.520796 3.118799
4.570796 3.138284
4.620796 3.155257
4.670796 3.169702
4.720796 3.181612
4.770796 3.190984
4.820796 3.197821
4.870796 3.202135
4.920796 3.203942
4.970796 3.203264
5.020796 3.200131
5.070796 3.194577
5.120796 3.186643
5.170796 3.176377
5.220796 3.163830
5.270796 3.149061
5.320796 3.132133
5.370796 3.113116
5.420796 3.092083
5.470796 3.069114
5.520796 3.044291
5.570796 3.017705
5.620796 2.989446
5.670796 2.959612
5.720796 2.928304
5.770796 2.895626
5.820796 2.861685
5.870796 2.826592
5.920796 2.790461
5.970796 2.753406
6.020796 2.715547
6.070796 2.677004
6.120796 2.637897
6.170796 2.598351
6.220796 2.558489
6.270796 2.518435
6.320796 2.478316
6.370796 2.438255
6.420796 2.398379
6.470796 2.358812
6.520796 2.319676
6.570796 2.281095
6.620796 2.243189
6.670796 2.206078
6.720796 2.169879
6.770796 2.134705
6.820796 2.100671
6.870796 2.067884
6.920796 2.036450
6.970796 2.006473
7.020796 1.978050
7.070796 1.951277
7.120796 1.926244
7.170796 1.903037
7.220796 1.881738
7.270796 1.862424
7.320796 1.845166
7.370796 1.830031
7.420796 1.817079
7.470796 1.806367
7.520796 1.797943
7.570796 1.791853
7.620796 1.788134
7.670796 1.786818
7.720796 1.787932
7.770796 1.791495
7.820796 1.797521
7.870796 1.806017
7.920796 1.816985
7.970796 1.830420
8.020796 1.846311
8.070796 1.864640
8.120796 1.885383
8.170796 1.908511
8.220796 1.933988
8.270796 1.961772
8.320796 1.991816
8.370796 2.024067
8.420796 2.058465
8.470796 2.094948
8.520796 2.133444
8.570796 2.173880
8.620796 2.216175
8.670796 2.260246
8.720796 2.306005
8.770796 2.353357
8.820796 2.402206
8.870796 2.452451
8.920796 2.503988
8.970796 2.556709
9.020796 2.610502
9.070796 2.665256
9.120796 2.720853
9.170796 2.777176
9.220796 2.834105
9.270796 2.891519
9.320796 2.949293
9.370796 3.007305
9.420796 3.065431
9.470796 3.123545
9.520796 3.181523
9.570796 3.239240
9.620796 3.296573
9.670796 3.353398
9.720796 3.409593
9.770796 3.465039
9.820796 3.519617
9.870796 3.573211
9.920796 3.625706
9.970796 3.676992
10.020796 3.726960
10.070796 3.775506
10.120796 3.822527
10.170796 3.867927
10.220796 3.911611
10.270796 3.953490
10.320796 3.993478
10.370796 4.031496
10.420796 4.067469
10.470796 4.101325
10.520796 4.132999
10.570796 4.162432
10.620796 4.189570
10.670796 4.214363
10.720796 4.236770
10.770796 4.256754
10.820796 4.274283
10.870796 4.289333
10.920796 4.301886
10.970796 4.311929
11.020796 4.319457
11.070796 4.324468
11.120796 4.326971
11.170796 4.326976
11.220796 4.324504
11.270796 4.319578
11.320796 4.312231
11.370796 4.302499
11.420796 4.290425
11.470796 4.276058
11.520796 4.259452
11.570796 4.240668
11.620796 4.219771
11.670796 4.196831
11.720796 4.171925
11.770796 4.145133
11.820796 4.116540
11.870796 4.086236
11.920796 4.054315
11.970796 4.020874
12.020796 3.986017
12.070796 3.949848
12.120796 3.912475
12.170796 3.874010
12.220796 3.834568
12.270796 3.794264
12.320796 3.753217
12.370796 3.711548
12.420796 3.669380
12.470796 3.626834
12.520796 3.584036
