0.000000 0.000000
0.150000 0.000000
0.300000 0.022164
0.450000 0.061336
0.600000 0.111801
0.750000 0.167863
0.900000 0.224252
1.050000 0.276381
1.200000 0.320493
1.350000 0.353733
1.500000 0.374166
1.650000 0.380780
1.800000 0.373468
1.950000 0.353007
2.100000 0.321026
2.250000 0.279968
2.400000 0.233034
2.550000 0.184097
2.700000 0.137583
2.850000 0.098283
3.000000 0.071102
3.150000 0.060704
3.300000 0.071071
3.450000 0.104963
3.600000 0.163348
3.750000 0.244846
3.900000 0.345332
4.050000 0.457826
4.200000 0.572802
4.350000 0.679021
4.500000 0.764851
4.650000 0.819944
4.800000 0.836947
4.950000 0.812887
5.100000 0.749871
5.250000 0.654866
5.400000 0.538586
5.550000 0.413741
5.700000 0.293035
5.850000 0.187395
6.000000 0.104734
6.150000 0.049406
6.300000 0.022319
6.450000 0.021493
6.600000 0.042874
6.750000 0.081169
6.900000 0.130580
7.050000 0.185380
7.200000 0.240303
7.350000 0.290799
7.500000 0.333166
7.650000 0.364614
7.800000 0.383291
7.950000 0.388270
8.100000 0.379539
8.250000 0.357973
8.400000 0.325302
8.550000 0.284073
8.700000 0.237589
8.850000 0.189820
9.000000 0.145274
9.150000 0.108805
9.300000 0.085340
9.450000 0.079519
9.600000 0.095225
9.750000 0.135038
9.900000 0.199648
10.050000 0.287302
10.200000 0.393429
10.350000 0.510566
10.500000 0.628730
10.650000 0.736327
10.800000 0.821547
10.950000 0.874088
11.100000 0.886888
11.250000 0.857471
11.400000 0.788561
11.550000 0.687755
11.700000 0.566305
11.850000 0.437276
12.000000 0.313521
12.150000 0.205917
12.300000 0.122185
12.450000 0.066412
12.600000 0.039219
12.750000 0.038380
12.900000 0.059649
13.050000 0.097608
13.200000 0.146396
13.350000 0.200270
13.500000 0.253991
13.650000 0.303053
13.800000 0.343823
13.950000 0.373590
14.100000 0.390586
14.250000 0.393979
14.400000 0.383851
14.550000 0.361177
14.700000 0.327788
14.850000 0.286332
15.000000 0.240208
