0.000000 0.000000
0.150000 0.010630
0.300000 0.039665
0.450000 0.082253
0.600000 0.133206
0.750000 0.187426
0.900000 0.240210
1.050000 0.287456
1.200000 0.325789
1.350000 0.352643
1.500000 0.366297
1.650000 0.365900
1.800000 0.351475
1.950000 0.323924
2.100000 0.285016
2.250000 0.237363
2.400000 0.184384
2.550000 0.130217
2.700000 0.079596
2.850000 0.037631
3.000000 0.009505
3.150000 0.000035
3.300000 0.013123
3.450000 0.051106
3.600000 0.114105
3.750000 0.199469
3.900000 0.301500
4.050000 0.411624
4.200000 0.519099
4.350000 0.612294
4.500000 0.680353
4.650000 0.714944
4.800000 0.711711
4.950000 0.671066
5.100000 0.598109
5.250000 0.501709
5.400000 0.392980
5.550000 0.283512
5.700000 0.183756
5.850000 0.101838
6.000000 0.042941
6.150000 0.009220
6.300000 0.000141
6.450000 0.013053
6.600000 0.043859
6.750000 0.087644
6.900000 0.139212
7.050000 0.193496
7.200000 0.245851
7.350000 0.292251
7.500000 0.329410
7.650000 0.354854
7.800000 0.366959
7.950000 0.364972
8.100000 0.349015
8.250000 0.320087
8.400000 0.280053
8.550000 0.231619
8.700000 0.178288
8.850000 0.124274
9.000000 0.074364
9.150000 0.033696
9.300000 0.007433
9.450000 0.000321
9.600000 0.016118
9.750000 0.056947
9.900000 0.122639
10.050000 0.210211
10.200000 0.313626
10.350000 0.424016
10.500000 0.530470
10.650000 0.621357
10.800000 0.686015
10.950000 0.716499
11.100000 0.708962
11.250000 0.664360
11.400000 0.588277
11.550000 0.489919
11.700000 0.380538
11.850000 0.271673
12.000000 0.173563
12.150000 0.094025
12.300000 0.037896
12.450000 0.007009
12.600000 0.000559
12.750000 0.015701
12.900000 0.048216
13.050000 0.093133
13.200000 0.145253
13.350000 0.199541
13.500000 0.251416
13.650000 0.296929
13.800000 0.332883
13.950000 0.356896
14.100000 0.367443
14.250000 0.363867
14.400000 0.346391
14.550000 0.316109
14.700000 0.274984
14.850000 0.225813
15.000000 0.172183
