0 0.995563
1 0.994364
2 0.990769
3 0.984788
4 0.976434
5 0.965727
6 0.952695
7 0.937367
8 0.919781
9 0.899979
10 0.878008
11 0.853923
12 0.827781
13 0.799644
14 0.769581
15 0.737664
16 0.703970
17 0.668579
18 0.631579
19 0.593056
20 0.553105
21 0.511822
22 0.469305
23 0.425658
24 0.380986
25 0.335395
26 0.288997
27 0.241902
28 0.194225
29 0.146079
30 0.097582
31 0.048850
32 0.000000
33 -0.048850
34 -0.097582
35 -0.146079
36 -0.194225
37 -0.241902
38 -0.288997
39 -0.335395
40 -0.380986
41 -0.425658
42 -0.469305
43 -0.511822
44 -0.553105
45 -0.593056
46 -0.631579
47 -0.668579
48 -0.703970
49 -0.737664
50 -0.769581
51 -0.799644
52 -0.827781
53 -0.853923
54 -0.878008
55 -0.899979
56 -0.919781
57 -0.937367
58 -0.952695
59 -0.965727
60 -0.976434
61 -0.984788
62 -0.990769
63 -0.994364
64 -0.995563
65 -0.994364
66 -0.990769
67 -0.984788
68 -0.976434
69 -0.965727
70 -0.952695
71 -0.937367
72 -0.919781
73 -0.899979
74 -0.878008
75 -0.853923
76 -0.827781
77 -0.799644
78 -0.769581
79 -0.737664
80 -0.703970
81 -0.668579
82 -0.631579
83 -0.593056
84 -0.553105
85 -0.511822
86 -0.469305
87 -0.425658
88 -0.380986
89 -0.335395
90 -0.288997
91 -0.241902
92 -0.194225
93 -0.146079
94 -0.097582
95 -0.048850
96 0.000000
97 0.048850
98 0.097582
99 0.146079
100 0.194225
101 0.241902
102 0.288997
103 0.335395
104 0.380986
105 0.425658
106 0.469305
107 0.511822
108 0.553105
109 0.593056
110 0.631579
111 0.668579
112 0.703970
113 0.737664
114 0.769581
115 0.799644
116 0.827781
117 0.853923
118 0.878008
119 0.899979
120 0.919781
121 0.937367
122 0.952695
123 0.965727
124 0.976434
125 0.984788
126 0.990769
127 0.994364
128 0.995563
129 0.994364
130 0.990769
131 0.984788
132 0.976434
133 0.965727
134 0.952695
135 0.937367
136 0.919781
137 0.899979
138 0.878008
139 0.853923
140 0.827781
141 0.799644
142 0.769581
143 0.737664
144 0.703970
145 0.668579
146 0.631579
147 0.593056
148 0.553105
149 0.511822
150 0.469305
151 0.425658
152 0.380986
153 0.335395
154 0.288997
155 0.241902
156 0.194225
157 0.146079
158 0.097582
159 0.048850
160 0.000000
161 -0.048850
162 -0.097582
163 -0.146079
164 -0.194225
165 -0.241902
166 -0.288997
167 -0.335395
168 -0.380986
169 -0.425658
170 -0.469305
171 -0.511822
172 -0.553105
173 -0.593056
174 -0.631579
175 -0.668579
176 -0.703970
177 -0.737664
178 -0.769581
179 -0.799644
180 -0.827781
181 -0.853923
182 -0.878008
183 -0.899979
184 -0.919781
185 -0.937367
186 -0.952695
187 -0.965727
188 -0.976434
189 -0.984788
190 -0.990769
191 -0.994364
192 -0.995563
193 -0.994364
194 -0.990769
195 -0.984788
196 -0.976434
197 -0.965727
198 -0.952695
199 -0.937367
200 -0.919781
201 -0.899979
202 -0.878008
203 -0.853923
204 -0.827781
205 -0.799644
206 -0.769581
207 -0.737664
208 -0.703970
209 -0.668579
210 -0.631579
211 -0.593056
212 -0.553105
213 -0.511822
214 -0.469305
215 -0.425658
216 -0.380986
217 -0.335395
218 -0.288997
219 -0.241902
220 -0.194225
221 -0.146079
222 -0.097582
223 -0.048850
224 0.000000
225 0.048850
226 0.097582
227 0.146079
228 0.194225
229 0.241902
230 0.288997
231 0.335395
232 0.380986
233 0.425658
234 0.469305
235 0.511822
236 0.553105
237 0.593056
238 0.631579
239 0.668579
240 0.703970
241 0.737664
242 0.769581
243 0.799644
244 0.827781
245 0.853923
246 0.878008
247 0.899979
248 0.919781
249 0.937367
250 0.952695
251 0.965727
252 0.976434
253 0.984788
254 0.990769
255 0.994364
