0 16.443768
1 0.180905
2 127.432100
3 0.191605
4 0.151470
5 0.434783
6 0.531626
7 0.334383
8 0.583864
9 0.363152
10 0.387611
11 0.188876
12 0.082467
13 0.139483
14 0.281657
15 0.599958
16 0.231948
17 0.215543
18 0.670336
19 0.144534
20 0.364644
21 0.646170
22 0.197082
23 0.552223
24 0.107964
25 0.227010
26 0.220752
27 0.199484
28 0.751386
29 0.403622
30 1.178954
31 0.544010
32 0.035619
33 0.852616
34 0.396719
35 0.280413
36 0.095623
37 0.223944
38 0.663442
39 0.524783
40 0.778169
41 0.265419
42 0.464732
43 0.007262
44 0.121628
45 0.062184
46 0.229254
47 0.010719
48 0.373136
49 0.922225
50 0.333799
51 0.870661
52 0.169080
53 0.628282
54 0.037789
55 0.526168
56 0.349900
57 0.599365
58 0.077872
59 0.524263
60 0.239665
61 0.421449
62 0.514264
63 0.519102
64 0.449297
65 0.176347
66 1.188585
67 0.380308
68 0.596402
69 0.031741
70 0.026385
71 0.309255
72 0.302399
73 0.287194
74 0.164882
75 0.078846
76 0.297948
77 0.208181
78 0.268183
79 0.201127
80 0.292979
81 0.488673
82 0.343692
83 0.618442
84 0.597820
85 0.012092
86 0.144906
87 0.729305
88 0.071777
89 0.027541
90 0.353708
91 0.259490
92 0.313009
93 0.324369
94 0.504221
95 0.315972
96 0.545625
97 0.525101
98 0.139488
99 0.067107
100 0.261332
101 0.021966
102 0.695285
103 0.349646
104 0.075613
105 0.049400
106 0.177740
107 0.241548
108 0.664772
109 0.048163
110 0.392991
111 0.638017
112 0.139640
113 0.370448
114 0.159686
115 0.037402
116 0.325054
117 0.326053
118 0.282154
119 0.262629
120 0.808025
121 0.070945
122 0.250188
123 0.259333
124 0.152338
125 0.250411
126 0.246683
127 0.147911
128 1.497793
129 0.444901
130 0.870560
131 0.331239
132 0.256081
133 0.445261
134 0.374348
135 0.220040
136 0.740159
137 0.267921
138 0.001531
139 0.100485
140 0.249167
141 0.034675
142 0.195435
143 0.101213
144 0.057918
145 0.224658
146 0.403544
147 0.024595
148 0.285525
149 0.181644
150 0.403850
151 0.513766
152 0.029927
153 0.472208
154 0.385441
155 0.027270
156 0.388277
157 0.063281
158 0.458614
159 0.122519
160 0.018531
161 0.277407
162 0.319694
163 0.475196
164 0.743754
165 0.627673
166 0.102839
167 0.133751
168 0.253856
169 0.771433
170 0.284593
171 0.176535
172 0.300982
173 0.167504
174 0.063475
175 0.554073
176 0.093834
177 0.076825
178 0.210133
179 0.429874
180 0.039321
181 0.152323
182 0.826093
183 0.533176
184 0.446780
185 0.156866
186 0.367557
187 0.417344
188 0.297075
189 0.012446
190 0.378008
191 0.049316
192 0.169817
193 0.250171
194 0.430245
195 0.667665
196 0.232629
197 0.405070
198 0.431936
199 0.054864
200 0.105825
201 0.001986
202 0.004302
203 0.280049
204 0.105874
205 0.066741
206 0.688799
207 0.062311
208 0.893432
209 0.145564
210 0.311493
211 0.258903
212 0.075390
213 0.003690
214 0.273198
215 0.279869
216 0.400019
217 0.042225
218 0.575974
219 0.087007
220 0.344382
221 0.636251
222 0.255015
223 0.408212
224 0.152736
225 0.117055
226 0.316324
227 0.261683
228 0.062484
229 0.114836
230 0.168284
231 0.028425
232 0.530744
233 0.072428
234 0.086903
235 0.014989
236 0.272729
237 0.090039
238 0.293694
239 0.217601
240 0.084869
241 0.086390
242 0.197870
243 0.425380
244 0.612467
245 0.059936
246 0.732049
247 0.245376
248 0.118694
249 0.105801
250 0.642134
251 0.594933
252 0.030056
253 0.307980
254 0.283727
255 0.183070
