0 1.051943
1 1.074186
2 1.075580
3 1.053999
4 1.033569
5 0.981425
6 1.036143
7 1.038376
8 0.977108
9 1.007878
10 0.900211
11 0.898352
12 0.888659
13 0.816841
14 0.860382
15 0.811128
16 0.721335
17 0.718753
18 0.656643
19 0.651496
20 0.675494
21 0.539091
22 0.514971
23 0.501524
24 0.424475
25 0.377746
26 0.397624
27 0.296225
28 0.263173
29 0.226470
30 0.184762
31 0.169093
32 0.030130
33 -0.006928
34 -0.038169
35 -0.063817
36 -0.141556
37 -0.228930
38 -0.235539
39 -0.230127
40 -0.264744
41 -0.354519
42 -0.449011
43 -0.463974
44 -0.468901
45 -0.485941
46 -0.514087
47 -0.570661
48 -0.675155
49 -0.723395
50 -0.741316
51 -0.776332
52 -0.788926
53 -0.782459
54 -0.781077
55 -0.819654
56 -0.807754
57 -0.858361
58 -0.944360
59 -0.910823
60 -0.942863
61 -0.889851
62 -0.940951
63 -0.930744
64 -0.983535
65 -0.884713
66 -0.969219
67 -0.919177
68 -0.977653
69 -0.889320
70 -0.905178
71 -0.820472
72 -0.895132
73 -0.829841
74 -0.835720
75 -0.742312
76 -0.772564
77 -0.761700
78 -0.681696
79 -0.650093
80 -0.648043
81 -0.548550
82 -0.516660
83 -0.494092
84 -0.482292
85 -0.420526
86 -0.410454
87 -0.363151
88 -0.330924
89 -0.263366
90 -0.166672
91 -0.153298
92 -0.147242
93 -0.093884
94 -0.065283
95 0.015246
96 0.041929
97 0.107767
98 0.107331
99 0.191792
100 0.209501
101 0.304056
102 0.331419
103 0.380047
104 0.392907
105 0.514890
106 0.504971
107 0.583232
108 0.559413
109 0.720588
110 0.669381
111 0.734465
112 0.830005
113 0.768672
114 0.812523
115 0.874384
116 0.952767
117 0.958184
118 0.892502
119 0.952047
120 0.972859
121 0.950738
122 0.969680
123 1.066859
124 1.042826
125 1.034649
126 1.031327
127 1.102765
128 1.104172
129 1.044251
130 1.019216
131 1.107759
132 1.087316
133 1.035197
134 0.993680
135 1.058298
136 0.951380
137 0.974303
138 0.942805
139 0.889072
140 0.901672
141 0.899078
142 0.867260
143 0.809052
144 0.830698
145 0.680321
146 0.648670
147 0.715588
148 0.664788
149 0.538961
150 0.514343
151 0.460752
152 0.416736
153 0.392575
154 0.295309
155 0.339073
156 0.296249
157 0.187897
158 0.173080
159 0.129398
160 0.086622
161 0.050027
162 -0.024105
163 -0.078578
164 -0.155830
165 -0.132328
166 -0.230378
167 -0.270128
168 -0.326717
169 -0.306765
170 -0.373292
171 -0.512934
172 -0.463910
173 -0.528345
174 -0.565124
175 -0.581307
176 -0.630990
177 -0.657405
178 -0.687870
179 -0.742873
180 -0.723065
181 -0.854642
182 -0.788390
183 -0.886532
184 -0.865108
185 -0.842988
186 -0.843390
187 -0.935101
188 -0.966063
189 -0.925563
190 -0.879924
191 -0.897451
192 -0.962292
193 -0.934623
194 -0.950688
195 -0.912207
196 -0.930960
197 -0.865629
198 -0.938210
199 -0.835752
200 -0.823687
201 -0.787154
202 -0.774960
203 -0.790876
204 -0.772280
205 -0.751977
206 -0.740906
207 -0.730645
208 -0.697330
209 -0.554314
210 -0.563753
211 -0.477518
212 -0.435239
213 -0.474931
214 -0.460759
215 -0.373452
216 -0.369956
217 -0.212702
218 -0.201251
219 -0.215530
220 -0.132289
221 -0.067437
222 -0.094223
223 0.051442
224 0.018466
225 0.097358
226 0.150496
227 0.215022
228 0.222783
229 0.314190
230 0.339368
231 0.339775
232 0.445729
233 0.458599
234 0.541135
235 0.636338
236 0.637845
237 0.697542
238 0.641935
239 0.763610
240 0.801194
241 0.819134
242 0.858243
243 0.892626
244 0.948824
245 0.953599
246 0.900443
247 0.909071
248 1.018938
249 1.049099
250 0.989472
251 1.002892
252 1.042634
253 1.025502
254 1.003555
255 1.079110
