-2 0.0204082 -0.0714286 -0.00864955 0.0207965
-1.992 0.020569 -0.0680069 0.00473408 0.0202346
-1.984 0.0207318 -0.0645989 0.0160575 0.0209179
-1.976 0.0208965 -0.0612046 0.0255042 0.0212876
-1.968 0.0210631 -0.057824 0.0332468 0.0212467
-1.96 0.0212318 -0.0544571 0.0394477 0.0210817
-1.952 0.0214024 -0.051104 0.0442594 0.021035
-1.944 0.0215751 -0.0477646 0.0478249 0.0211981
-1.936 0.0217499 -0.0444389 0.0502782 0.0215375
-1.928 0.0219268 -0.0411269 0.0517446 0.0219584
-1.92 0.0221059 -0.0378286 0.0523409 0.0223605
-1.912 0.0222871 -0.034544 0.0521763 0.022673
-1.904 0.0224706 -0.0312731 0.0513523 0.0228669
-1.896 0.0226563 -0.028016 0.0499629 0.0229524
-1.888 0.0228443 -0.0247726 0.0480956 0.0229662
-1.88 0.0230347 -0.0215429 0.0458312 0.022957
-1.872 0.0232274 -0.0183269 0.043244 0.0229719
-1.864 0.0234225 -0.0151246 0.0404027 0.0230471
-1.856 0.0236201 -0.011936 0.0373701 0.0232023
-1.848 0.0238202 -0.00876114 0.0342038 0.0234404
-1.84 0.0240228 -0.0056 0.030956 0.0237492
-1.832 0.0242279 -0.00245257 0.0276744 0.0241064
-1.824 0.0244357 0.000681143 0.0244019 0.0244843
-1.816 0.0246462 0.00380114 0.0211771 0.0248552
-1.808 0.0248593 0.00690743 0.0180345 0.0251953
-1.8 0.0250752 0.01 0.0150049 0.0254879
-1.792 0.0252939 0.0130789 0.0121151 0.0257246
-1.784 0.0255155 0.016144 0.00938878 0.0259058
-1.776 0.02574 0.0191954 0.00684623 0.0260391
-1.768 0.0259674 0.0222331 0.00450476 0.0261382
-1.76 0.0261978 0.0252571 0.00237882 0.0262202
-1.752 0.0264312 0.0282674 0.000480229 0.0263036
-1.744 0.0266678 0.031264 -0.00118171 0.0264055
-1.736 0.0269075 0.0342469 -0.00259998 0.0265407
-1.728 0.0271504 0.037216 -0.00376972 0.0267194
-1.72 0.0273967 0.0401714 -0.00468808 0.0269473
-1.712 0.0276462 0.0431131 -0.00535402 0.027225
-1.704 0.0278991 0.0460411 -0.00576822 0.0275483
-1.696 0.0281555 0.0489554 -0.00593293 0.0279092
-1.688 0.0284154 0.051856 -0.00585181 0.028297
-1.68 0.0286789 0.0547429 -0.00552983 0.0286992
-1.672 0.0289461 0.057616 -0.00497316 0.029103
-1.664 0.0292169 0.0604754 -0.00418903 0.0294962
-1.656 0.0294915 0.0633211 -0.00318562 0.0298686
-1.648 0.02977 0.0661531 -0.00197197 0.0302125
-1.64 0.0300524 0.0689714 -0.000557899 0.0305231
-1.632 0.0303388 0.071776 0.00104615 0.0307989
-1.624 0.0306293 0.0745669 0.00282913 0.0310417
-1.616 0.0309239 0.077344 0.00477952 0.0312559
-1.608 0.0312227 0.0801074 0.00688541 0.0314485
-1.6 0.0315259 0.0828571 0.00913453 0.031628
-1.592 0.0318334 0.0855931 0.0115144 0.0318041
-1.584 0.0321454 0.0883154 0.0140122 0.0319867
-1.576 0.0324619 0.091024 0.0166153 0.0321852
-1.568 0.0327831 0.0937189 0.0193107 0.0324078
-1.56 0.0331091 0.0964 0.0220856 0.0326613
-1.552 0.0334398 0.0990674 0.024927 0.0329505
-1.544 0.0337755 0.101721 0.0278222 0.0332777
-1.536 0.0341162 0.104361 0.0307587 0.0336434
-1.528 0.0344621 0.106987 0.033724 0.0340454
-1.52 0.0348131 0.1096 0.036706 0.0344799
-1.512 0.0351695 0.112199 0.0396927 0.0349415
-1.504 0.0355313 0.114784 0.0426726 0.0354232
-1.496 0.0358987 0.117355 0.0456342 0.0359176
-1.488 0.0362717 0.119913 0.0485668 0.036417
-1.48 0.0366504 0.122457 0.0514597 0.0369139
-1.472 0.0370351 0.124987 0.0543029 0.0374012
-1.464 0.0374258 0.127504 0.0570867 0.0378734
-1.456 0.0378226 0.130007 0.0598017 0.0383259
-1.448 0.0382256 0.132496 0.0624394 0.0387558
-1.44 0.0386351 0.134971 0.0649913 0.0391619
-1.432 0.0390511 0.137433 0.0674497 0.0395448
-1.424 0.0394737 0.139881 0.0698074 0.0399067
-1.416 0.0399032 0.142315 0.0720575 0.0402512
-1.408 0.0403395 0.144736 0.0741939 0.0405832
-1.4 0.040783 0.147143 0.0762108 0.0409085
-1.392 0.0412338 0.149536 0.078103 0.0412338
-1.384 0.0416919 0.151915 0.079866 0.0415657
-1.376 0.0421576 0.154281 0.0814957 0.041911
-1.368 0.042631 0.156633 0.0829885 0.0422761
-1.36 0.0431124 0.158971 0.0843414 0.0426666
-1.352 0.0436018 0.161296 0.0855518 0.0430872
-1.344 0.0440994 0.163607 0.086618 0.0435414
-1.336 0.0446055 0.165904 0.0875383 0.0440315
-1.328 0.0451202 0.168187 0.088312 0.0445583
-1.32 0.0456438 0.170457 0.0889385 0.0451215
-1.312 0.0461763 0.172713 0.0894181 0.0457193
-1.304 0.0467181 0.174955 0.0897512 0.0463486
-1.296 0.0472693 0.177184 0.089939 0.0470056
-1.288 0.0478301 0.179399 0.089983 0.0476854
-1.28 0.0484008 0.1816 0.0898851 0.0483828
-1.272 0.0489817 0.183787 0.0896479 0.049092
-1.264 0.0495728 0.185961 0.0892741 0.0498076
-1.256 0.0501745 0.188121 0.0887671 0.050524
-1.248 0.0507871 0.190267 0.0881306 0.0512364
-1.24 0.0514107 0.1924 0.0873687 0.0519406
-1.232 0.0520457 0.194519 0.0864857 0.0526332
-1.224 0.0526923 0.196624 0.0854866 0.053312
-1.216 0.0533508 0.198715 0.0843764 0.0539759
-1.208 0.0540214 0.200793 0.0831607 0.0546248
-1.2 0.0547046 0.202857 0.0818453 0.05526
-1.192 0.0554005 0.204907 0.0804362 0.0558837
-1.184 0.0561096 0.206944 0.0789399 0.0564994
-1.176 0.056832 0.208967 0.0773629 0.0571111
-1.168 0.0575682 0.210976 0.0757121 0.0577238
-1.16 0.0583186 0.212971 0.0739946 0.0583429
-1.152 0.0590833 0.214953 0.0722176 0.0589742
-1.144 0.0598629 0.216921 0.0703888 0.0596236
-1.136 0.0606577 0.218875 0.0685157 0.0602965
-1.128 0.0614681 0.220816 0.0666062 0.0609985
-1.12 0.0622944 0.222743 0.0646681 0.0617343
-1.112 0.0631372 0.224656 0.0627097 0.0625081
-1.104 0.0639968 0.226555 0.0607389 0.0633229
-1.096 0.0648736 0.228441 0.0587642 0.0641813
-1.088 0.0657682 0.230313 0.0567938 0.0650844
-1.08 0.0666809 0.232171 0.0548362 0.0660325
-1.072 0.0676123 0.234016 0.0528996 0.067025
-1.064 0.0685629 0.235847 0.0509927 0.06806
-1.056 0.0695331 0.237664 0.0491237 0.069135
-1.048 0.0705236 0.239467 0.0473011 0.0702466
-1.04 0.0715349 0.241257 0.0455334 0.071391
-1.032 0.0725674 0.243033 0.0438288 0.0725636
-1.024 0.0736219 0.244795 0.0421957 0.0737601
-1.016 0.0746989 0.246544 0.0406423 0.0749755
-1.008 0.0757991 0.248279 0.0391767 0.0762055
-1 0.0769231 0.25 0.0378069 0.0774458
-0.992 0.0780715 0.251707 0.0365409 0.0786927
-0.984 0.0792451 0.253401 0.0353864 0.0799432
-0.976 0.0804446 0.255081 0.0343512 0.0811951
-0.968 0.0816707 0.256747 0.0334426 0.0824469
-0.96 0.0829242 0.2584 0.032668 0.0836983
-0.952 0.0842059 0.260039 0.0320345 0.08495
-0.944 0.0855166 0.261664 0.0315492 0.0862036
-0.936 0.0868572 0.263275 0.0312187 0.0874617
-0.928 0.0882285 0.264873 0.0310496 0.0887279
-0.92 0.0896314 0.266457 0.0310482 0.0900066
-0.912 0.091067 0.268027 0.0312207 0.091303
-0.904 0.0925361 0.269584 0.0315729 0.0926227
-0.896 0.0940398 0.271127 0.0321104 0.0939718
-0.888 0.0955792 0.272656 0.0328385 0.0953568
-0.88 0.0971553 0.274171 0.0337624 0.0967839
-0.872 0.0987693 0.275673 0.0348869 0.0982597
-0.864 0.100422 0.277161 0.0362164 0.0997899
-0.856 0.102116 0.278635 0.0377554 0.10138
-0.848 0.10385 0.280096 0.0395077 0.103036
-0.84 0.105628 0.281543 0.0414771 0.104761
-0.832 0.10745 0.282976 0.0436668 0.106559
-0.824 0.109317 0.284395 0.0460801 0.108432
-0.816 0.111231 0.285801 0.0487196 0.110382
-0.808 0.113194 0.287193 0.0515878 0.11241
-0.8 0.115207 0.288571 0.0546868 0.114516
-0.792 0.117272 0.289936 0.0580186 0.116697
-0.784 0.119391 0.291287 0.0615844 0.118954
-0.776 0.121564 0.292624 0.0653857 0.121282
-0.768 0.123795 0.293947 0.0694232 0.12368
-0.76 0.126084 0.295257 0.0736974 0.126143
-0.752 0.128435 0.296553 0.0782086 0.128668
-0.744 0.130848 0.297835 0.0829566 0.131252
-0.736 0.133327 0.299104 0.0879411 0.13389
-0.728 0.135873 0.300359 0.0931612 0.13658
-0.72 0.138489 0.3016 0.0986159 0.13932
-0.712 0.141177 0.302827 0.104304 0.142106
-0.704 0.143939 0.304041 0.110223 0.144939
-0.696 0.146778 0.305241 0.116372 0.147817
-0.688 0.149698 0.306427 0.122748 0.150743
-0.68 0.1527 0.3076 0.129348 0.153718
-0.672 0.155787 0.308759 0.13617 0.156744
-0.664 0.158964 0.309904 0.14321 0.159828
-0.656 0.162231 0.311035 0.150465 0.162974
-0.648 0.165594 0.312153 0.157931 0.166188
-0.64 0.169056 0.313257 0.165603 0.169479
-0.632 0.17262 0.314347 0.173478 0.172855
-0.624 0.176289 0.315424 0.18155 0.176326
-0.616 0.180068 0.316487 0.189815 0.179901
-0.608 0.18396 0.317536 0.198267 0.18359
-0.6 0.18797 0.318571 0.206902 0.187405
-0.592 0.192102 0.319593 0.215712 0.191355
-0.584 0.196361 0.320601 0.224693 0.195452
-0.576 0.20075 0.321595 0.233837 0.199705
-0.568 0.205276 0.322576 0.243139 0.204124
-0.56 0.209943 0.323543 0.252592 0.208719
-0.552 0.214756 0.324496 0.262189 0.213496
-0.544 0.219721 0.325435 0.271922 0.218465
-0.536 0.224843 0.326361 0.281785 0.22363
-0.528 0.230128 0.327273 0.29177 0.228998
-0.52 0.235582 0.328171 0.30187 0.234573
-0.512 0.241212 0.329056 0.312076 0.240358
-0.504 0.247024 0.329927 0.322381 0.246355
-0.496 0.253024 0.330784 0.332776 0.252566
-0.488 0.25922 0.331627 0.343253 0.258993
-0.48 0.265618 0.332457 0.353804 0.265635
-0.472 0.272227 0.333273 0.36442 0.272492
-0.464 0.279053 0.334075 0.375092 0.279565
-0.456 0.286104 0.334864 0.385812 0.286854
-0.448 0.293389 0.335639 0.396571 0.294358
-0.44 0.300915 0.3364 0.40736 0.302078
-0.432 0.308691 0.337147 0.418169 0.310017
-0.424 0.316725 0.337881 0.428991 0.318176
-0.416 0.325027 0.338601 0.439814 0.32656
-0.408 0.333604 0.339307 0.450631 0.335173
-0.4 0.342466 0.34 0.461432 0.344022
-0.392 0.351621 0.340679 0.472208 0.353115
-0.384 0.36108 0.341344 0.482949 0.36246
-0.376 0.370849 0.341995 0.493647 0.372071
-0.368 0.38094 0.342633 0.504291 0.381958
-0.36 0.391359 0.343257 0.514873 0.392136
-0.352 0.402115 0.343867 0.525384 0.402619
-0.344 0.413218 0.344464 0.535814 0.413424
-0.336 0.424673 0.345047 0.546153 0.424567
-0.328 0.436489 0.345616 0.556394 0.436065
-0.32 0.448672 0.346171 0.566527 0.447934
-0.312 0.461227 0.346713 0.576542 0.460191
-0.304 0.47416 0.347241 0.586432 0.47285
-0.296 0.487474 0.347755 0.596186 0.485925
-0.288 0.501171 0.348256 0.605798 0.499426
-0.28 0.515251 0.348743 0.615257 0.513364
-0.272 0.529715 0.349216 0.624555 0.527742
-0.264 0.544558 0.349675 0.633685 0.542563
-0.256 0.559775 0.350121 0.642638 0.557824
-0.248 0.575358 0.350553 0.651405 0.573517
-0.24 0.591296 0.350971 0.65998 0.589631
-0.232 0.607575 0.351376 0.668353 0.606147
-0.224 0.624176 0.351767 0.676518 0.62304
-0.216 0.641078 0.352144 0.684468 0.640282
-0.208 0.658255 0.352507 0.692194 0.657836
-0.2 0.675676 0.352857 0.699691 0.675659
-0.192 0.693304 0.353193 0.706951 0.693702
-0.184 0.7111 0.353515 0.713968 0.71191
-0.176 0.729016 0.353824 0.720734 0.730221
-0.168 0.747 0.354119 0.727245 0.748569
-0.16 0.764994 0.3544 0.733494 0.766881
-0.152 0.782933 0.354667 0.739476 0.78508
-0.144 0.800748 0.354921 0.745184 0.803085
-0.136 0.818363 0.355161 0.750615 0.820811
-0.128 0.835696 0.355387 0.755762 0.838169
-0.12 0.85266 0.3556 0.760621 0.855071
-0.112 0.869166 0.355799 0.765188 0.871425
-0.104 0.885119 0.355984 0.769459 0.88714
-0.096 0.900421 0.356155 0.773429 0.902126
-0.088 0.914973 0.356313 0.777095 0.916294
-0.08 0.928678 0.356457 0.780453 0.929558
-0.072 0.941435 0.356587 0.783501 0.941836
-0.064 0.953151 0.356704 0.786236 0.95305
-0.056 0.963733 0.356807 0.788655 0.963127
-0.048 0.973096 0.356896 0.790756 0.972002
-0.04 0.981162 0.356971 0.792537 0.979616
-0.032 0.987861 0.357033 0.793996 0.985917
-0.024 0.993135 0.357081 0.795133 0.990863
-0.016 0.996937 0.357115 0.795946 0.994421
-0.008 0.999233 0.357136 0.796433 0.996565
0 1 0.357143 0.796596 0.997282
0.008 0.999233 0.357136 0.796433 0.996565
0.016 0.996937 0.357115 0.795946 0.994421
0.024 0.993135 0.357081 0.795133 0.990863
0.032 0.987861 0.357033 0.793996 0.985917
0.04 0.981162 0.356971 0.792537 0.979616
0.048 0.973096 0.356896 0.790756 0.972002
0.056 0.963733 0.356807 0.788655 0.963127
0.064 0.953151 0.356704 0.786236 0.95305
0.072 0.941435 0.356587 0.783501 0.941836
0.08 0.928678 0.356457 0.780453 0.929558
0.088 0.914973 0.356313 0.777095 0.916294
0.096 0.900421 0.356155 0.773429 0.902126
0.104 0.885119 0.355984 0.769459 0.88714
0.112 0.869166 0.355799 0.765188 0.871425
0.12 0.85266 0.3556 0.760621 0.855071
0.128 0.835696 0.355387 0.755762 0.838169
0.136 0.818363 0.355161 0.750615 0.820811
0.144 0.800748 0.354921 0.745184 0.803085
0.152 0.782933 0.354667 0.739476 0.78508
0.16 0.764994 0.3544 0.733494 0.766881
0.168 0.747 0.354119 0.727245 0.748569
0.176 0.729016 0.353824 0.720734 0.730221
0.184 0.7111 0.353515 0.713968 0.71191
0.192 0.693304 0.353193 0.706951 0.693702
0.2 0.675676 0.352857 0.699691 0.675659
0.208 0.658255 0.352507 0.692194 0.657836
0.216 0.641078 0.352144 0.684468 0.640282
0.224 0.624176 0.351767 0.676518 0.62304
0.232 0.607575 0.351376 0.668353 0.606147
0.24 0.591296 0.350971 0.65998 0.589631
0.248 0.575358 0.350553 0.651405 0.573517
0.256 0.559775 0.350121 0.642638 0.557824
0.264 0.544558 0.349675 0.633685 0.542563
0.272 0.529715 0.349216 0.624555 0.527742
0.28 0.515251 0.348743 0.615257 0.513364
0.288 0.501171 0.348256 0.605798 0.499426
0.296 0.487474 0.347755 0.596186 0.485925
0.304 0.47416 0.347241 0.586432 0.47285
0.312 0.461227 0.346713 0.576542 0.460191
0.32 0.448672 0.346171 0.566527 0.447934
0.328 0.436489 0.345616 0.556394 0.436065
0.336 0.424673 0.345047 0.546153 0.424567
0.344 0.413218 0.344464 0.535814 0.413424
0.352 0.402115 0.343867 0.525384 0.402619
0.36 0.391359 0.343257 0.514873 0.392136
0.368 0.38094 0.342633 0.504291 0.381958
0.376 0.370849 0.341995 0.493647 0.372071
0.384 0.36108 0.341344 0.482949 0.36246
0.392 0.351621 0.340679 0.472208 0.353115
0.4 0.342466 0.34 0.461432 0.344022
0.408 0.333604 0.339307 0.450631 0.335173
0.416 0.325027 0.338601 0.439814 0.32656
0.424 0.316725 0.337881 0.428991 0.318176
0.432 0.308691 0.337147 0.418169 0.310017
0.44 0.300915 0.3364 0.40736 0.302078
0.448 0.293389 0.335639 0.396571 0.294358
0.456 0.286104 0.334864 0.385812 0.286854
0.464 0.279053 0.334075 0.375092 0.279565
0.472 0.272227 0.333273 0.36442 0.272492
0.48 0.265618 0.332457 0.353804 0.265635
0.488 0.25922 0.331627 0.343253 0.258993
0.496 0.253024 0.330784 0.332776 0.252566
0.504 0.247024 0.329927 0.322381 0.246355
0.512 0.241212 0.329056 0.312076 0.240358
0.52 0.235582 0.328171 0.30187 0.234573
0.528 0.230128 0.327273 0.29177 0.228998
0.536 0.224843 0.326361 0.281785 0.22363
0.544 0.219721 0.325435 0.271922 0.218465
0.552 0.214756 0.324496 0.262189 0.213496
0.56 0.209943 0.323543 0.252592 0.208719
0.568 0.205276 0.322576 0.243139 0.204124
0.576 0.20075 0.321595 0.233837 0.199705
0.584 0.196361 0.320601 0.224693 0.195452
0.592 0.192102 0.319593 0.215712 0.191355
0.6 0.18797 0.318571 0.206902 0.187405
0.608 0.18396 0.317536 0.198267 0.18359
0.616 0.180068 0.316487 0.189815 0.179901
0.624 0.176289 0.315424 0.18155 0.176326
0.632 0.17262 0.314347 0.173478 0.172855
0.64 0.169056 0.313257 0.165603 0.169479
0.648 0.165594 0.312153 0.157931 0.166188
0.656 0.162231 0.311035 0.150465 0.162974
0.664 0.158964 0.309904 0.14321 0.159828
0.672 0.155787 0.308759 0.13617 0.156744
0.68 0.1527 0.3076 0.129348 0.153718
0.688 0.149698 0.306427 0.122748 0.150743
0.696 0.146778 0.305241 0.116372 0.147817
0.704 0.143939 0.304041 0.110223 0.144939
0.712 0.141177 0.302827 0.104304 0.142106
0.72 0.138489 0.3016 0.0986159 0.13932
0.728 0.135873 0.300359 0.0931612 0.13658
0.736 0.133327 0.299104 0.0879411 0.13389
0.744 0.130848 0.297835 0.0829566 0.131252
0.752 0.128435 0.296553 0.0782086 0.128668
0.76 0.126084 0.295257 0.0736974 0.126143
0.768 0.123795 0.293947 0.0694232 0.12368
0.776 0.121564 0.292624 0.0653857 0.121282
0.784 0.119391 0.291287 0.0615844 0.118954
0.792 0.117272 0.289936 0.0580186 0.116697
0.8 0.115207 0.288571 0.0546868 0.114516
0.808 0.113194 0.287193 0.0515878 0.11241
0.816 0.111231 0.285801 0.0487196 0.110382
0.824 0.109317 0.284395 0.0460801 0.108432
0.832 0.10745 0.282976 0.0436668 0.106559
0.84 0.105628 0.281543 0.0414771 0.104761
0.848 0.10385 0.280096 0.0395077 0.103036
0.856 0.102116 0.278635 0.0377554 0.10138
0.864 0.100422 0.277161 0.0362164 0.0997899
0.872 0.0987693 0.275673 0.0348869 0.0982597
0.88 0.0971553 0.274171 0.0337624 0.0967839
0.888 0.0955792 0.272656 0.0328385 0.0953568
0.896 0.0940398 0.271127 0.0321104 0.0939718
0.904 0.0925361 0.269584 0.0315729 0.0926227
0.912 0.091067 0.268027 0.0312207 0.091303
0.92 0.0896314 0.266457 0.0310482 0.0900066
0.928 0.0882285 0.264873 0.0310496 0.0887279
0.936 0.0868572 0.263275 0.0312187 0.0874617
0.944 0.0855166 0.261664 0.0315492 0.0862036
0.952 0.0842059 0.260039 0.0320345 0.08495
0.96 0.0829242 0.2584 0.032668 0.0836983
0.968 0.0816707 0.256747 0.0334426 0.0824469
0.976 0.0804446 0.255081 0.0343512 0.0811951
0.984 0.0792451 0.253401 0.0353864 0.0799432
0.992 0.0780715 0.251707 0.0365409 0.0786927
1 0.0769231 0.25 0.0378069 0.0774458
1.008 0.0757991 0.248279 0.0391767 0.0762055
1.016 0.0746989 0.246544 0.0406423 0.0749755
1.024 0.0736219 0.244795 0.0421957 0.0737601
1.032 0.0725674 0.243033 0.0438288 0.0725636
1.04 0.0715349 0.241257 0.0455334 0.071391
1.048 0.0705236 0.239467 0.0473011 0.0702466
1.056 0.0695331 0.237664 0.0491237 0.069135
1.064 0.0685629 0.235847 0.0509927 0.06806
1.072 0.0676123 0.234016 0.0528996 0.067025
1.08 0.0666809 0.232171 0.0548362 0.0660325
1.088 0.0657682 0.230313 0.0567938 0.0650844
1.096 0.0648736 0.228441 0.0587642 0.0641813
1.104 0.0639968 0.226555 0.0607389 0.0633229
1.112 0.0631372 0.224656 0.0627097 0.0625081
1.12 0.0622944 0.222743 0.0646681 0.0617343
1.128 0.0614681 0.220816 0.0666062 0.0609985
1.136 0.0606577 0.218875 0.0685157 0.0602965
1.144 0.0598629 0.216921 0.0703888 0.0596236
1.152 0.0590833 0.214953 0.0722176 0.0589742
1.16 0.0583186 0.212971 0.0739946 0.0583429
1.168 0.0575682 0.210976 0.0757121 0.0577238
1.176 0.056832 0.208967 0.0773629 0.0571111
1.184 0.0561096 0.206944 0.0789399 0.0564994
1.192 0.0554005 0.204907 0.0804362 0.0558837
1.2 0.0547046 0.202857 0.0818453 0.05526
1.208 0.0540214 0.200793 0.0831607 0.0546248
1.216 0.0533508 0.198715 0.0843764 0.0539759
1.224 0.0526923 0.196624 0.0854866 0.053312
1.232 0.0520457 0.194519 0.0864857 0.0526332
1.24 0.0514107 0.1924 0.0873687 0.0519406
1.248 0.0507871 0.190267 0.0881306 0.0512364
1.256 0.0501745 0.188121 0.0887671 0.050524
1.264 0.0495728 0.185961 0.0892741 0.0498076
1.272 0.0489817 0.183787 0.0896479 0.049092
1.28 0.0484008 0.1816 0.0898851 0.0483828
1.288 0.0478301 0.179399 0.089983 0.0476854
1.296 0.0472693 0.177184 0.089939 0.0470056
1.304 0.0467181 0.174955 0.0897512 0.0463486
1.312 0.0461763 0.172713 0.0894181 0.0457193
1.32 0.0456438 0.170457 0.0889385 0.0451215
1.328 0.0451202 0.168187 0.088312 0.0445583
1.336 0.0446055 0.165904 0.0875383 0.0440315
1.344 0.0440994 0.163607 0.086618 0.0435414
1.352 0.0436018 0.161296 0.0855518 0.0430872
1.36 0.0431124 0.158971 0.0843414 0.0426666
1.368 0.042631 0.156633 0.0829885 0.0422761
1.376 0.0421576 0.154281 0.0814957 0.041911
1.384 0.0416919 0.151915 0.079866 0.0415657
1.392 0.0412338 0.149536 0.078103 0.0412338
1.4 0.040783 0.147143 0.0762108 0.0409085
1.408 0.0403395 0.144736 0.0741939 0.0405832
1.416 0.0399032 0.142315 0.0720575 0.0402512
1.424 0.0394737 0.139881 0.0698074 0.0399067
1.432 0.0390511 0.137433 0.0674497 0.0395448
1.44 0.0386351 0.134971 0.0649913 0.0391619
1.448 0.0382256 0.132496 0.0624394 0.0387558
1.456 0.0378226 0.130007 0.0598017 0.0383259
1.464 0.0374258 0.127504 0.0570867 0.0378734
1.472 0.0370351 0.124987 0.0543029 0.0374012
1.48 0.0366504 0.122457 0.0514597 0.0369139
1.488 0.0362717 0.119913 0.0485668 0.036417
1.496 0.0358987 0.117355 0.0456342 0.0359176
1.504 0.0355313 0.114784 0.0426726 0.0354232
1.512 0.0351695 0.112199 0.0396927 0.0349415
1.52 0.0348131 0.1096 0.036706 0.0344799
1.528 0.0344621 0.106987 0.033724 0.0340454
1.536 0.0341162 0.104361 0.0307587 0.0336434
1.544 0.0337755 0.101721 0.0278222 0.0332777
1.552 0.0334398 0.0990674 0.024927 0.0329505
1.56 0.0331091 0.0964 0.0220856 0.0326613
1.568 0.0327831 0.0937189 0.0193107 0.0324078
1.576 0.0324619 0.091024 0.0166153 0.0321852
1.584 0.0321454 0.0883154 0.0140122 0.0319867
1.592 0.0318334 0.0855931 0.0115144 0.0318041
1.6 0.0315259 0.0828571 0.00913453 0.031628
1.608 0.0312227 0.0801074 0.00688541 0.0314485
1.616 0.0309239 0.077344 0.00477952 0.0312559
1.624 0.0306293 0.0745669 0.00282913 0.0310417
1.632 0.0303388 0.071776 0.00104615 0.0307989
1.64 0.0300524 0.0689714 -0.000557899 0.0305231
1.648 0.02977 0.0661531 -0.00197197 0.0302125
1.656 0.0294915 0.0633211 -0.00318562 0.0298686
1.664 0.0292169 0.0604754 -0.00418903 0.0294962
1.672 0.0289461 0.057616 -0.00497316 0.029103
1.68 0.0286789 0.0547429 -0.00552983 0.0286992
1.688 0.0284154 0.051856 -0.00585181 0.028297
1.696 0.0281555 0.0489554 -0.00593293 0.0279092
1.704 0.0278991 0.0460411 -0.00576822 0.0275483
1.712 0.0276462 0.0431131 -0.00535402 0.027225
1.72 0.0273967 0.0401714 -0.00468808 0.0269473
1.728 0.0271504 0.037216 -0.00376972 0.0267194
1.736 0.0269075 0.0342469 -0.00259998 0.0265407
1.744 0.0266678 0.031264 -0.00118171 0.0264055
1.752 0.0264312 0.0282674 0.000480229 0.0263036
1.76 0.0261978 0.0252571 0.00237882 0.0262202
1.768 0.0259674 0.0222331 0.00450476 0.0261382
1.776 0.02574 0.0191954 0.00684623 0.0260391
1.784 0.0255155 0.016144 0.00938878 0.0259058
1.792 0.0252939 0.0130789 0.0121151 0.0257246
1.8 0.0250752 0.01 0.0150049 0.0254879
1.808 0.0248593 0.00690743 0.0180345 0.0251953
1.816 0.0246462 0.00380114 0.0211771 0.0248552
1.824 0.0244357 0.000681143 0.0244019 0.0244843
1.832 0.0242279 -0.00245257 0.0276744 0.0241064
1.84 0.0240228 -0.0056 0.030956 0.0237492
1.848 0.0238202 -0.00876114 0.0342038 0.0234404
1.856 0.0236201 -0.011936 0.0373701 0.0232023
1.864 0.0234225 -0.0151246 0.0404027 0.0230471
1.872 0.0232274 -0.0183269 0.043244 0.0229719
1.88 0.0230347 -0.0215429 0.0458312 0.022957
1.888 0.0228443 -0.0247726 0.0480956 0.0229662
1.896 0.0226563 -0.028016 0.0499629 0.0229524
1.904 0.0224706 -0.0312731 0.0513523 0.0228669
1.912 0.0222871 -0.034544 0.0521763 0.022673
1.92 0.0221059 -0.0378286 0.0523409 0.0223605
1.928 0.0219268 -0.0411269 0.0517446 0.0219584
1.936 0.0217499 -0.0444389 0.0502782 0.0215375
1.944 0.0215751 -0.0477646 0.0478249 0.0211981
1.952 0.0214024 -0.051104 0.0442594 0.021035
1.96 0.0212318 -0.0544571 0.0394477 0.0210817
1.968 0.0210631 -0.057824 0.0332468 0.0212467
1.976 0.0208965 -0.0612046 0.0255042 0.0212876
1.984 0.0207318 -0.0645989 0.0160575 0.0209179
1.992 0.020569 -0.0680069 0.00473408 0.0202346
2 0.0204082 -0.0714286 -0.00864955 0.0207965
