0 1 -0.806163 1.00091 1
0.006 1.00602 -0.712881 1.00656 1.00602
0.012 1.01207 -0.620651 1.01229 1.01207
0.018 1.01816 -0.529471 1.01811 1.01816
0.024 1.02429 -0.439335 1.02401 1.02429
0.03 1.03045 -0.350241 1.02998 1.03045
0.036 1.03666 -0.262185 1.03603 1.03666
0.042 1.04289 -0.175164 1.04215 1.04289
0.048 1.04917 -0.0891724 1.04834 1.04917
0.054 1.05548 -0.00420774 1.0546 1.05548
0.06 1.06183 0.0797339 1.06091 1.06183
0.066 1.06822 0.162656 1.06729 1.06822
0.072 1.07465 0.244563 1.07372 1.07465
0.078 1.08112 0.325458 1.08021 1.08112
0.084 1.08762 0.405345 1.08676 1.08762
0.09 1.09417 0.484227 1.09335 1.09417
0.096 1.10075 0.562109 1.09999 1.10075
0.102 1.10737 0.638994 1.10668 1.10737
0.108 1.11403 0.714886 1.11342 1.11403
0.114 1.12073 0.789788 1.12021 1.12073
0.12 1.12747 0.863704 1.12703 1.12747
0.126 1.13425 0.936639 1.1339 1.13425
0.132 1.14107 1.00859 1.14082 1.14107
0.138 1.14792 1.07958 1.14777 1.14792
0.144 1.15482 1.14959 1.15476 1.15482
0.15 1.16176 1.21863 1.1618 1.16176
0.156 1.16874 1.28671 1.16887 1.16874
0.162 1.17576 1.35383 1.17598 1.17576
0.168 1.18282 1.41999 1.18312 1.18282
0.174 1.18992 1.4852 1.19031 1.18992
0.18 1.19706 1.54947 1.19753 1.19706
0.186 1.20424 1.61279 1.20478 1.20424
0.192 1.21146 1.67516 1.21207 1.21146
0.198 1.21873 1.7366 1.2194 1.21873
0.204 1.22603 1.79711 1.22676 1.22603
0.21 1.23338 1.85668 1.23416 1.23338
0.216 1.24076 1.91533 1.2416 1.24076
0.222 1.24819 1.97306 1.24907 1.24819
0.228 1.25566 2.02987 1.25657 1.25566
0.234 1.26317 2.08576 1.26411 1.26317
0.24 1.27072 2.14074 1.27168 1.27072
0.246 1.27831 2.19482 1.27929 1.27831
0.252 1.28595 2.24799 1.28694 1.28595
0.258 1.29362 2.30026 1.29462 1.29362
0.264 1.30134 2.35163 1.30233 1.30134
0.27 1.30909 2.40211 1.31008 1.30909
0.276 1.31689 2.45171 1.31787 1.31689
0.282 1.32473 2.50041 1.32569 1.32473
0.288 1.33261 2.54824 1.33355 1.33261
0.294 1.34053 2.59518 1.34144 1.34053
0.3 1.34849 2.64126 1.34938 1.34849
0.306 1.35649 2.68646 1.35734 1.35649
0.312 1.36454 2.73079 1.36535 1.36454
0.318 1.37262 2.77427 1.37339 1.37262
0.324 1.38074 2.81688 1.38146 1.38074
0.33 1.38891 2.85864 1.38958 1.38891
0.336 1.39711 2.89954 1.39773 1.39711
0.342 1.40535 2.9396 1.40592 1.40535
0.348 1.41364 2.97881 1.41415 1.41364
0.354 1.42196 3.01718 1.42241 1.42196
0.36 1.43032 3.05472 1.43071 1.43032
0.366 1.43872 3.09142 1.43905 1.43872
0.372 1.44716 3.12729 1.44743 1.44716
0.378 1.45564 3.16234 1.45584 1.45564
0.384 1.46416 3.19657 1.46429 1.46416
0.39 1.47271 3.22997 1.47278 1.47271
0.396 1.4813 3.26256 1.48131 1.4813
0.402 1.48993 3.29434 1.48987 1.48993
0.408 1.4986 3.32532 1.49848 1.4986
0.414 1.50731 3.35549 1.50711 1.50731
0.42 1.51605 3.38486 1.51579 1.51605
0.426 1.52482 3.41343 1.52451 1.52482
0.432 1.53363 3.44121 1.53326 1.53363
0.438 1.54248 3.46821 1.54204 1.54248
0.444 1.55136 3.49441 1.55087 1.55136
0.45 1.56028 3.51984 1.55973 1.56028
0.456 1.56923 3.54449 1.56863 1.56923
0.462 1.57821 3.56837 1.57756 1.57821
0.468 1.58723 3.59147 1.58653 1.58723
0.474 1.59628 3.61381 1.59553 1.59628
0.48 1.60536 3.63539 1.60457 1.60536
0.486 1.61448 3.65621 1.61364 1.61448
0.492 1.62362 3.67627 1.62274 1.62362
0.498 1.63279 3.69558 1.63188 1.63279
0.504 1.642 3.71415 1.64105 1.642
0.51 1.65123 3.73196 1.65025 1.65123
0.516 1.66049 3.74904 1.65949 1.66049
0.522 1.66978 3.76539 1.66875 1.66978
0.528 1.67909 3.781 1.67805 1.67909
0.534 1.68843 3.79588 1.68737 1.68843
0.54 1.6978 3.81003 1.69672 1.6978
0.546 1.70719 3.82347 1.7061 1.70719
0.552 1.71661 3.83618 1.71551 1.71661
0.558 1.72604 3.84819 1.72495 1.72604
0.564 1.7355 3.85948 1.73441 1.7355
0.57 1.74499 3.87006 1.74389 1.74499
0.576 1.75449 3.87994 1.7534 1.75449
0.582 1.76401 3.88913 1.76293 1.76401
0.588 1.77355 3.89761 1.77248 1.77355
0.594 1.78311 3.90541 1.78206 1.78311
0.6 1.79268 3.91251 1.79165 1.79268
0.606 1.80227 3.91894 1.80126 1.80227
0.612 1.81187 3.92468 1.81089 1.81187
0.618 1.82149 3.92974 1.82053 1.82149
0.624 1.83112 3.93413 1.83019 1.83112
0.63 1.84076 3.93785 1.83986 1.84076
0.636 1.85041 3.94091 1.84955 1.85041
0.642 1.86007 3.9433 1.85925 1.86007
0.648 1.86973 3.94504 1.86895 1.86973
0.654 1.87941 3.94612 1.87867 1.87941
0.66 1.88908 3.94655 1.88839 1.88908
0.666 1.89876 3.94633 1.89811 1.89876
0.672 1.90845 3.94547 1.90784 1.90845
0.678 1.91813 3.94397 1.91758 1.91813
0.684 1.92781 3.94183 1.92731 1.92781
0.69 1.93749 3.93906 1.93704 1.93749
0.696 1.94717 3.93566 1.94677 1.94717
0.702 1.95684 3.93164 1.9565 1.95684
0.708 1.9665 3.927 1.96622 1.9665
0.714 1.97616 3.92173 1.97593 1.97616
0.72 1.98581 3.91586 1.98563 1.98581
0.726 1.99544 3.90937 1.99532 1.99544
0.732 2.00506 3.90228 2.005 2.00506
0.738 2.01466 3.89458 2.01467 2.01466
0.744 2.02425 3.88629 2.02431 2.02425
0.75 2.03382 3.8774 2.03394 2.03382
0.756 2.04337 3.86792 2.04354 2.04337
0.762 2.05289 3.85785 2.05313 2.05289
0.768 2.0624 3.8472 2.06269 2.0624
0.774 2.07187 3.83597 2.07222 2.07187
0.78 2.08131 3.82416 2.08172 2.08131
0.786 2.09073 3.81178 2.09119 2.09073
0.792 2.10011 3.79883 2.10062 2.10011
0.798 2.10946 3.78531 2.11002 2.10946
0.804 2.11876 3.77123 2.11938 2.11876
0.81 2.12803 3.7566 2.1287 2.12803
0.816 2.13726 3.74141 2.13797 2.13726
0.822 2.14644 3.72567 2.1472 2.14644
0.828 2.15558 3.70938 2.15638 2.15558
0.834 2.16466 3.69255 2.16551 2.16466
0.84 2.1737 3.67518 2.17459 2.1737
0.846 2.18268 3.65727 2.18361 2.18268
0.852 2.1916 3.63884 2.19257 2.1916
0.858 2.20047 3.61987 2.20147 2.20047
0.864 2.20927 3.60038 2.21031 2.20927
0.87 2.21801 3.58037 2.21908 2.21801
0.876 2.22668 3.55984 2.22778 2.22668
0.882 2.23528 3.5388 2.2364 2.23528
0.888 2.24381 3.51725 2.24495 2.24381
0.894 2.25226 3.49519 2.25342 2.25226
0.9 2.26063 3.47263 2.26181 2.26063
0.906 2.26892 3.44957 2.27012 2.26892
0.912 2.27712 3.42602 2.27834 2.27712
0.918 2.28523 3.40198 2.28646 2.28523
0.924 2.29326 3.37745 2.29449 2.29326
0.93 2.30119 3.35243 2.30243 2.30119
0.936 2.30902 3.32694 2.31026 2.30902
0.942 2.31675 3.30097 2.31799 2.31675
0.948 2.32437 3.27453 2.32561 2.32437
0.954 2.33189 3.24762 2.33312 2.33189
0.96 2.33929 3.22024 2.34052 2.33929
0.966 2.34658 3.1924 2.34779 2.34658
0.972 2.35375 3.16411 2.35495 2.35375
0.978 2.36079 3.13536 2.36198 2.36079
0.984 2.36771 3.10616 2.36888 2.36771
0.99 2.3745 3.07651 2.37565 2.3745
0.996 2.38116 3.04643 2.38228 2.38116
1.002 2.38767 3.0159 2.38877 2.38767
1.008 2.39405 2.98494 2.39512 2.39405
1.014 2.40028 2.95354 2.40132 2.40028
1.02 2.40636 2.92172 2.40736 2.40636
1.026 2.41228 2.88948 2.41325 2.41228
1.032 2.41805 2.85681 2.41898 2.41805
1.038 2.42365 2.82373 2.42454 2.42365
1.044 2.42908 2.79023 2.42994 2.42908
1.05 2.43435 2.75633 2.43516 2.43435
1.056 2.43944 2.72202 2.4402 2.43944
1.062 2.44434 2.68731 2.44506 2.44434
1.068 2.44907 2.6522 2.44973 2.44907
1.074 2.4536 2.6167 2.45422 2.4536
1.08 2.45794 2.5808 2.4585 2.45794
1.086 2.46208 2.54452 2.46259 2.46208
1.092 2.46601 2.50786 2.46647 2.46601
1.098 2.46974 2.47081 2.47014 2.46974
1.104 2.47325 2.43339 2.4736 2.47325
1.11 2.47654 2.3956 2.47683 2.47654
1.116 2.47961 2.35744 2.47985 2.47961
1.122 2.48245 2.31892 2.48263 2.48245
1.128 2.48506 2.28003 2.48518 2.48506
1.134 2.48743 2.24079 2.48748 2.48743
1.14 2.48955 2.2012 2.48954 2.48955
1.146 2.49142 2.16125 2.49136 2.49142
1.152 2.49304 2.12096 2.49291 2.49304
1.158 2.49439 2.08033 2.49421 2.49439
1.164 2.49548 2.03935 2.49524 2.49548
1.17 2.49629 1.99805 2.49599 2.49629
1.176 2.49683 1.95641 2.49647 2.49683
1.182 2.49708 1.91445 2.49666 2.49708
1.188 2.49705 1.87216 2.49657 2.49705
1.194 2.49672 1.82955 2.49618 2.49672
1.2 2.49608 1.78662 2.49549 2.49608
1.206 2.49514 1.74339 2.4945 2.49514
1.212 2.49389 1.69984 2.49319 2.49389
1.218 2.49231 1.65599 2.49156 2.49231
1.224 2.49041 1.61184 2.48961 2.49041
1.23 2.48818 1.56739 2.48733 2.48818
1.236 2.48561 1.52265 2.48471 2.48561
1.242 2.4827 1.47761 2.48175 2.4827
1.248 2.47943 1.43229 2.47843 2.47943
1.254 2.47581 1.38669 2.47477 2.47581
1.26 2.47182 1.34081 2.47074 2.47182
1.266 2.46746 1.29465 2.46634 2.46746
1.272 2.46272 1.24822 2.46156 2.46272
1.278 2.4576 1.20153 2.45641 2.4576
1.284 2.45209 1.15457 2.45086 2.45209
1.29 2.44618 1.10735 2.44492 2.44618
1.296 2.43986 1.05987 2.43858 2.43986
1.302 2.43314 1.01214 2.43183 2.43314
1.308 2.42599 0.964162 2.42466 2.42599
1.314 2.41842 0.915937 2.41707 2.41842
1.32 2.41042 0.867471 2.40905 2.41042
1.326 2.40198 0.818766 2.40059 2.40198
1.332 2.39309 0.769828 2.39169 2.39309
1.338 2.38375 0.720658 2.38233 2.38375
1.344 2.37394 0.671262 2.37252 2.37394
1.35 2.36367 0.621642 2.36224 2.36367
1.356 2.35292 0.571804 2.35149 2.35292
1.362 2.34169 0.521749 2.34026 2.34169
1.368 2.32996 0.471482 2.32854 2.32996
1.374 2.31774 0.421007 2.31632 2.31774
1.38 2.30501 0.370328 2.3036 2.30501
1.386 2.29177 0.319448 2.29037 2.29177
1.392 2.27801 0.26837 2.27662 2.27801
1.398 2.26372 0.217099 2.26235 2.26372
1.404 2.24889 0.165639 2.24754 2.24889
1.41 2.23352 0.113993 2.23219 2.23352
1.416 2.2176 0.0621638 2.2163 2.2176
1.422 2.20112 0.0101566 2.19984 2.20112
1.428 2.18407 -0.0420254 2.18282 2.18407
1.434 2.16645 -0.0943784 2.16523 2.16645
1.44 2.14824 -0.146899 2.14706 2.14824
1.446 2.12944 -0.199583 2.1283 2.12944
1.452 2.11005 -0.252427 2.10895 2.11005
1.458 2.09004 -0.305427 2.08899 2.09004
1.464 2.06943 -0.35858 2.06842 2.06943
1.47 2.04819 -0.411881 2.04723 2.04819
1.476 2.02632 -0.465328 2.02541 2.02632
1.482 2.00382 -0.518915 2.00296 2.00382
1.488 1.98067 -0.572641 1.97986 1.98067
1.494 1.95686 -0.6265 1.95611 1.95686
1.5 1.9324 -0.680489 1.9317 1.9324
1.506 1.90726 -0.734605 1.90662 1.90726
1.512 1.88145 -0.788844 1.88087 1.88145
1.518 1.85496 -0.843201 1.85444 1.85496
1.524 1.82777 -0.897674 1.82731 1.82777
1.53 1.79988 -0.952258 1.79948 1.79988
1.536 1.77128 -1.00695 1.77095 1.77128
1.542 1.74196 -1.06175 1.7417 1.74196
1.548 1.71192 -1.11664 1.71172 1.71192
1.554 1.68115 -1.17164 1.68102 1.68115
1.56 1.64964 -1.22672 1.64958 1.64964
1.566 1.61738 -1.2819 1.61739 1.61738
1.572 1.58437 -1.33716 1.58444 1.58437
1.578 1.5506 -1.3925 1.55074 1.5506
1.584 1.51605 -1.44792 1.51626 1.51605
1.59 1.48073 -1.50342 1.481 1.48073
1.596 1.44462 -1.55899 1.44497 1.44462
1.602 1.40772 -1.61462 1.40813 1.40772
1.608 1.37002 -1.67031 1.3705 1.37002
1.614 1.33152 -1.72607 1.33206 1.33152
1.62 1.2922 -1.78188 1.29281 1.2922
1.626 1.25205 -1.83774 1.25273 1.25205
1.632 1.21108 -1.89366 1.21182 1.21108
1.638 1.16928 -1.94961 1.17008 1.16928
1.644 1.12663 -2.00561 1.12749 1.12663
1.65 1.08314 -2.06164 1.08406 1.08314
1.656 1.03878 -2.11771 1.03976 1.03878
1.662 0.993571 -2.17381 0.994608 0.993571
1.668 0.947488 -2.22993 0.94858 0.947488
1.674 0.900531 -2.28608 0.901675 0.900531
1.68 0.852692 -2.34224 0.853887 0.852692
1.686 0.803966 -2.39842 0.80521 0.803966
1.692 0.754347 -2.45461 0.755637 0.754347
1.698 0.703828 -2.51081 0.705162 0.703828
1.704 0.652404 -2.56701 0.653779 0.652404
1.71 0.60007 -2.62321 0.601483 0.60007
1.716 0.546819 -2.67941 0.548269 0.546819
1.722 0.492647 -2.7356 0.49413 0.492647
1.728 0.437549 -2.79178 0.439062 0.437549
1.734 0.381518 -2.84794 0.38306 0.381518
1.74 0.324552 -2.90409 0.326118 0.324552
1.746 0.266644 -2.96021 0.268231 0.266644
1.752 0.207791 -3.01631 0.209397 0.207791
1.758 0.147988 -3.07237 0.149609 0.147988
1.764 0.0872312 -3.12841 0.0888639 0.0872312
1.77 0.0255166 -3.1844 0.0271579 0.0255166
1.776 -0.0371595 -3.24036 -0.0355129 -0.0371595
1.782 -0.100801 -3.29627 -0.0991521 -0.100801
1.788 -0.16541 -3.35213 -0.163763 -0.16541
1.794 -0.23099 -3.40794 -0.229348 -0.23099
1.8 -0.297545 -3.46369 -0.295911 -0.297545
1.806 -0.365076 -3.51939 -0.363454 -0.365076
1.812 -0.433586 -3.57502 -0.431979 -0.433586
1.818 -0.503077 -3.63058 -0.501489 -0.503077
1.824 -0.573551 -3.68608 -0.571984 -0.573551
1.83 -0.645009 -3.74149 -0.643468 -0.645009
1.836 -0.717453 -3.79684 -0.71594 -0.717453
1.842 -0.790883 -3.85209 -0.789403 -0.790883
1.848 -0.865301 -3.90727 -0.863856 -0.865301
1.854 -0.940706 -3.96235 -0.9393 -0.940706
1.86 -1.0171 -4.01734 -1.01574 -1.0171
1.866 -1.09448 -4.07224 -1.09316 -1.09448
1.872 -1.17285 -4.12703 -1.17158 -1.17285
1.878 -1.2522 -4.18172 -1.25098 -1.2522
1.884 -1.33254 -4.2363 -1.33138 -1.33254
1.89 -1.41387 -4.29077 -1.41276 -1.41387
1.896 -1.49617 -4.34513 -1.49512 -1.49617
1.902 -1.57946 -4.39936 -1.57847 -1.57946
1.908 -1.66372 -4.45347 -1.66279 -1.66372
1.914 -1.74895 -4.50746 -1.7481 -1.74895
1.92 -1.83516 -4.56132 -1.83437 -1.83516
1.926 -1.92233 -4.61504 -1.92162 -1.92233
1.932 -2.01047 -4.66862 -2.00983 -2.01047
1.938 -2.09957 -4.72206 -2.099 -2.09957
1.944 -2.18962 -4.77536 -2.18912 -2.18962
1.95 -2.28061 -4.82851 -2.2802 -2.28061
1.956 -2.37255 -4.88151 -2.37222 -2.37255
1.962 -2.46543 -4.93435 -2.46517 -2.46543
1.968 -2.55924 -4.98703 -2.55906 -2.55924
1.974 -2.65397 -5.03954 -2.65387 -2.65397
1.98 -2.74961 -5.09189 -2.7496 -2.74961
1.986 -2.84616 -5.14407 -2.84624 -2.84616
1.992 -2.94361 -5.19607 -2.94377 -2.94361
1.998 -3.04196 -5.24789 -3.0422 -3.04196
2.004 -3.14118 -5.29954 -3.1415 -3.14118
2.01 -3.24127 -5.35099 -3.24168 -3.24127
2.016 -3.34222 -5.40226 -3.34271 -3.34222
2.022 -3.44402 -5.45333 -3.44459 -3.44402
2.028 -3.54666 -5.5042 -3.54732 -3.54666
2.034 -3.65013 -5.55488 -3.65086 -3.65013
2.04 -3.75441 -5.60535 -3.75522 -3.75441
2.046 -3.85948 -5.65561 -3.86037 -3.85948
2.052 -3.96535 -5.70566 -3.96631 -3.96535
2.058 -4.07198 -5.75549 -4.07303 -4.07198
2.064 -4.17938 -5.8051 -4.18049 -4.17938
2.07 -4.28752 -5.85449 -4.2887 -4.28752
2.076 -4.39638 -5.90366 -4.39763 -4.39638
2.082 -4.50595 -5.95259 -4.50727 -4.50595
2.088 -4.61622 -6.00129 -4.61759 -4.61622
2.094 -4.72716 -6.04975 -4.72859 -4.72716
2.1 -4.83875 -6.09797 -4.84024 -4.83875
2.106 -4.95098 -6.14594 -4.95253 -4.95098
2.112 -5.06384 -6.19366 -5.06543 -5.06384
2.118 -5.17728 -6.24113 -5.17892 -5.17728
2.124 -5.29131 -6.28835 -5.29299 -5.29131
2.13 -5.40589 -6.3353 -5.40761 -5.40589
2.136 -5.521 -6.38199 -5.52276 -5.521
2.142 -5.63663 -6.42841 -5.63841 -5.63663
2.148 -5.75273 -6.47456 -5.75454 -5.75273
2.154 -5.86931 -6.52043 -5.87114 -5.86931
2.16 -5.98631 -6.56603 -5.98816 -5.98631
2.166 -6.10373 -6.61134 -6.10559 -6.10373
2.172 -6.22154 -6.65637 -6.22341 -6.22154
2.178 -6.3397 -6.7011 -6.34157 -6.3397
2.184 -6.45819 -6.74555 -6.46006 -6.45819
2.19 -6.57699 -6.78969 -6.57885 -6.57699
2.196 -6.69606 -6.83353 -6.69791 -6.69606
2.202 -6.81537 -6.87707 -6.8172 -6.81537
2.208 -6.93489 -6.9203 -6.9367 -6.93489
2.214 -7.05459 -6.96321 -7.05638 -7.05459
2.22 -7.17444 -7.00581 -7.17619 -7.17444
2.226 -7.29441 -7.04809 -7.29612 -7.29441
2.232 -7.41445 -7.09005 -7.41613 -7.41445
2.238 -7.53455 -7.13168 -7.53618 -7.53455
2.244 -7.65466 -7.17298 -7.65624 -7.65466
2.25 -7.77474 -7.21394 -7.77627 -7.77474
2.256 -7.89476 -7.25456 -7.89623 -7.89476
2.262 -8.01469 -7.29485 -8.01609 -8.01469
2.268 -8.13448 -7.33478 -8.13581 -8.13448
2.274 -8.25409 -7.37437 -8.25536 -8.25409
2.28 -8.37349 -7.4136 -8.37468 -8.37349
2.286 -8.49264 -7.45248 -8.49374 -8.49264
2.292 -8.61148 -7.49099 -8.6125 -8.61148
2.298 -8.72999 -7.52914 -8.73093 -8.72999
2.304 -8.84812 -7.56692 -8.84896 -8.84812
2.31 -8.96582 -7.60433 -8.96657 -8.96582
2.316 -9.08305 -7.64136 -9.0837 -9.08305
2.322 -9.19976 -7.67802 -9.20032 -9.19976
2.328 -9.31592 -7.71429 -9.31637 -9.31592
2.334 -9.43146 -7.75017 -9.43181 -9.43146
2.34 -9.54635 -7.78567 -9.54659 -9.54635
2.346 -9.66054 -7.82077 -9.66067 -9.66054
2.352 -9.77397 -7.85547 -9.774 -9.77397
2.358 -9.8866 -7.88977 -9.88652 -9.8866
2.364 -9.99837 -7.92366 -9.99818 -9.99837
2.37 -10.1092 -7.95714 -10.1089 -10.1092
2.376 -10.2192 -7.99022 -10.2187 -10.2192
2.382 -10.3281 -8.02287 -10.3275 -10.3281
2.388 -10.4359 -8.0551 -10.4353 -10.4359
2.394 -10.5426 -8.08691 -10.5419 -10.5426
2.4 -10.6482 -8.1183 -10.6473 -10.6482
2.406 -10.7525 -8.14925 -10.7515 -10.7525
2.412 -10.8555 -8.17976 -10.8545 -10.8555
2.418 -10.9572 -8.20984 -10.9561 -10.9572
2.424 -11.0575 -8.23947 -11.0562 -11.0575
2.43 -11.1563 -8.26866 -11.155 -11.1563
2.436 -11.2536 -8.2974 -11.2522 -11.2536
2.442 -11.3493 -8.32568 -11.3478 -11.3493
2.448 -11.4434 -8.3535 -11.4418 -11.4434
2.454 -11.5358 -8.38087 -11.5342 -11.5358
2.46 -11.6264 -8.40777 -11.6247 -11.6264
2.466 -11.7152 -8.4342 -11.7134 -11.7152
2.472 -11.8021 -8.46016 -11.8003 -11.8021
2.478 -11.8871 -8.48564 -11.8852 -11.8871
2.484 -11.97 -8.51064 -11.9681 -11.97
2.49 -12.0509 -8.53516 -12.0489 -12.0509
2.496 -12.1296 -8.55919 -12.1276 -12.1296
2.502 -12.2061 -8.58273 -12.204 -12.2061
2.508 -12.2803 -8.60577 -12.2782 -12.2803
2.514 -12.3521 -8.62832 -12.3501 -12.3521
2.52 -12.4216 -8.65036 -12.4195 -12.4216
2.526 -12.4885 -8.6719 -12.4865 -12.4885
2.532 -12.553 -8.69293 -12.5509 -12.553
2.538 -12.6147 -8.71344 -12.6127 -12.6147
2.544 -12.6738 -8.73344 -12.6718 -12.6738
2.55 -12.7302 -8.75291 -12.7282 -12.7302
2.556 -12.7837 -8.77187 -12.7818 -12.7837
2.562 -12.8343 -8.79029 -12.8324 -12.8343
2.568 -12.8819 -8.80818 -12.8802 -12.8819
2.574 -12.9265 -8.82554 -12.9248 -12.9265
2.58 -12.968 -8.84235 -12.9664 -12.968
2.586 -13.0063 -8.85863 -13.0048 -13.0063
2.592 -13.0414 -8.87435 -13.0399 -13.0414
2.598 -13.0731 -8.88953 -13.0717 -13.0731
2.604 -13.1014 -8.90415 -13.1002 -13.1014
2.61 -13.1263 -8.91821 -13.1251 -13.1263
2.616 -13.1476 -8.93171 -13.1466 -13.1476
2.622 -13.1653 -8.94465 -13.1644 -13.1653
2.628 -13.1793 -8.95702 -13.1785 -13.1793
2.634 -13.1895 -8.96881 -13.1889 -13.1895
2.64 -13.196 -8.98003 -13.1955 -13.196
2.646 -13.1985 -8.99066 -13.1982 -13.1985
2.652 -13.197 -9.00072 -13.1969 -13.197
2.658 -13.1915 -9.01018 -13.1915 -13.1915
2.664 -13.1819 -9.01905 -13.1821 -13.1819
2.67 -13.1681 -9.02733 -13.1684 -13.1681
2.676 -13.15 -9.03501 -13.1505 -13.15
2.682 -13.1276 -9.04209 -13.1283 -13.1276
2.688 -13.1009 -9.04856 -13.1016 -13.1009
2.694 -13.0696 -9.05442 -13.0705 -13.0696
2.7 -13.0338 -9.05966 -13.0349 -13.0338
2.706 -12.9934 -9.06429 -12.9946 -12.9934
2.712 -12.9483 -9.0683 -12.9497 -12.9483
2.718 -12.8985 -9.07168 -12.9 -12.8985
2.724 -12.8439 -9.07443 -12.8455 -12.8439
2.73 -12.7844 -9.07655 -12.7861 -12.7844
2.736 -12.72 -9.07804 -12.7218 -12.72
2.742 -12.6506 -9.07888 -12.6525 -12.6506
2.748 -12.5761 -9.07908 -12.5781 -12.5761
2.754 -12.4964 -9.07864 -12.4985 -12.4964
2.76 -12.4116 -9.07754 -12.4137 -12.4116
2.766 -12.3215 -9.07579 -12.3237 -12.3215
2.772 -12.2262 -9.07338 -12.2284 -12.2262
2.778 -12.1254 -9.0703 -12.1276 -12.1254
2.784 -12.0192 -9.06656 -12.0214 -12.0192
2.79 -11.9076 -9.06215 -11.9098 -11.9076
2.796 -11.7904 -9.05707 -11.7925 -11.7904
2.802 -11.6676 -9.05131 -11.6697 -11.6676
2.808 -11.5391 -9.04487 -11.5411 -11.5391
2.814 -11.405 -9.03775 -11.4069 -11.405
2.82 -11.2651 -9.02994 -11.2669 -11.2651
2.826 -11.1195 -9.02143 -11.1211 -11.1195
2.832 -10.968 -9.01223 -10.9695 -10.968
2.838 -10.8106 -9.00233 -10.8119 -10.8106
2.844 -10.6473 -8.99173 -10.6484 -10.6473
2.85 -10.478 -8.98042 -10.4789 -10.478
2.856 -10.3027 -8.9684 -10.3035 -10.3027
2.862 -10.1214 -8.95566 -10.1219 -10.1214
2.868 -9.93402 -8.94221 -9.93427 -9.93402
2.874 -9.74052 -8.92803 -9.74052 -9.74052
2.88 -9.54089 -8.91313 -9.54062 -9.54089
2.886 -9.33509 -8.8975 -9.33456 -9.33509
2.892 -9.12309 -8.88114 -9.1223 -9.12309
2.898 -8.90488 -8.86404 -8.90383 -8.90488
2.904 -8.68043 -8.8462 -8.67913 -8.68043
2.91 -8.44973 -8.82762 -8.44819 -8.44973
2.916 -8.21275 -8.80829 -8.211 -8.21275
2.922 -7.96949 -8.7882 -7.96755 -7.96949
2.928 -7.71993 -8.76737 -7.71783 -7.71993
2.934 -7.46407 -8.74577 -7.46185 -7.46407
2.94 -7.20189 -8.72341 -7.1996 -7.20189
2.946 -6.9334 -8.70028 -6.9311 -6.9334
2.952 -6.65859 -8.67639 -6.65636 -6.65859
2.958 -6.37748 -8.65172 -6.37539 -6.37748
2.964 -6.09006 -8.62627 -6.08821 -6.09006
2.97 -5.79635 -8.60004 -5.79483 -5.79635
2.976 -5.49636 -8.57303 -5.4953 -5.49636
2.982 -5.1901 -8.54522 -5.18964 -5.1901
2.988 -4.8776 -8.51663 -4.87789 -4.8776
2.994 -4.55887 -8.48724 -4.56008 -4.55887
3 -4.23395 -8.45705 -4.23627 -4.23395
