0 1 1.25928 1.04304 0.960288
0.02 1.08395 1.23178 1.03399 1.11266
0.04 1.09013 1.20454 1.02563 1.04781
0.06 1.01231 1.17757 1.01787 0.977505
0.08 0.921121 1.15086 1.01064 0.952473
0.1 0.899112 1.12443 1.00384 0.962878
0.12 0.964867 1.09825 0.997425 0.985816
0.14 1.05591 1.07234 0.991315 1.00391
0.16 1.08616 1.04669 0.985451 1.00952
0.18 1.02506 1.0213 0.979773 1.00286
0.2 0.925664 0.996171 0.974227 0.988424
0.22 0.875898 0.9713 0.96876 0.971801
0.24 0.917681 0.946687 0.963324 0.957558
0.26 1.00841 0.922331 0.957874 0.948279
0.28 1.06012 0.89823 0.952367 0.944462
0.3 1.02037 0.874383 0.946764 0.944972
0.32 0.920445 0.85079 0.941028 0.947719
0.34 0.846615 0.827449 0.935127 0.950346
0.36 0.860798 0.804359 0.929029 0.950785
0.38 0.943652 0.781519 0.922706 0.947614
0.4 1.01236 0.758928 0.916131 0.940213
0.42 0.996755 0.736585 0.909281 0.92874
0.44 0.903867 0.714488 0.902134 0.913989
0.46 0.81143 0.692638 0.894671 0.897165
0.48 0.796437 0.671032 0.886874 0.879646
0.5 0.864347 0.649669 0.878728 0.862753
0.52 0.944075 0.628549 0.870219 0.847573
0.54 0.953346 0.607671 0.861335 0.834834
0.56 0.874346 0.587033 0.852067 0.82485
0.58 0.770099 0.566634 0.842404 0.81752
0.6 0.726532 0.546473 0.832341 0.812382
0.62 0.773475 0.526549 0.821872 0.808696
0.64 0.857238 0.506861 0.810991 0.805553
0.66 0.889983 0.487408 0.799697 0.801985
0.68 0.830481 0.468189 0.787987 0.797076
0.7 0.722024 0.449203 0.775861 0.790043
0.72 0.652628 0.430448 0.763319 0.780313
0.74 0.674115 0.411924 0.750363 0.767558
0.76 0.754473 0.393629 0.736996 0.75171
0.78 0.807293 0.375563 0.723219 0.732957
0.8 0.771218 0.357724 0.709039 0.711707
0.82 0.666359 0.340111 0.69446 0.688545
0.84 0.575811 0.322724 0.679488 0.664177
0.86 0.56926 0.30556 0.664129 0.639367
0.88 0.638921 0.28862 0.648391 0.61488
0.9 0.7067 0.271901 0.632282 0.591419
0.92 0.695999 0.255404 0.61581 0.569589
0.94 0.602145 0.239126 0.598983 0.549849
0.96 0.496695 0.223067 0.581813 0.532496
0.98 0.461647 0.207225 0.564308 0.51765
1 0.514065 0.1916 0.546478 0.505256
1.02 0.590389 0.17619 0.528336 0.495097
1.04 0.604883 0.160995 0.50989 0.486814
1.06 0.528465 0.146013 0.491155 0.479934
1.08 0.415449 0.131243 0.472139 0.473906
1.1 0.353621 0.116684 0.452857 0.468133
1.12 0.383527 0.102335 0.433319 0.462008
1.14 0.461211 0.0881951 0.413539 0.454948
1.16 0.498627 0.0742631 0.393529 0.446423
1.18 0.444599 0.0605379 0.373301 0.435981
1.2 0.331877 0.0470184 0.352868 0.423265
1.22 0.247034 0.0337035 0.332244 0.408029
1.24 0.250878 0.0205921 0.311441 0.390137
1.26 0.322552 0.00768316 0.290472 0.369569
1.28 0.378718 -0.00502441 0.26935 0.346411
1.3 0.350182 -0.0175317 0.248089 0.320848
1.32 0.24552 -0.0298398 0.226702 0.293145
1.34 0.143201 -0.0419497 0.205201 0.263631
1.36 0.119446 -0.0538626 0.183599 0.232685
1.38 0.178162 -0.0655796 0.16191 0.200709
1.4 0.247356 -0.0771017 0.140147 0.168115
1.42 0.245331 -0.08843 0.118322 0.135304
1.44 0.155806 -0.0995655 0.0964483 0.102652
1.46 0.0428926 -0.110509 0.0745383 0.0704988
1.48 -0.007843 -0.121263 0.0526046 0.0391336
1.5 0.031959 -0.131827 0.0306597 0.00879151
1.52 0.107385 -0.142202 0.00871573 -0.0203511
1.54 0.130743 -0.152391 -0.013215 -0.0481776
1.56 0.062194 -0.162393 -0.0351206 -0.0746289
1.58 -0.0536148 -0.172209 -0.0569892 -0.0996993
1.6 -0.128588 -0.181842 -0.0788091 -0.12343
1.62 -0.112173 -0.191292 -0.100569 -0.145902
1.64 -0.0378256 -0.20056 -0.122257 -0.167226
1.66 0.00775103 -0.209647 -0.143863 -0.187537
1.68 -0.0356677 -0.218554 -0.165375 -0.206979
1.7 -0.146452 -0.227283 -0.186783 -0.225705
1.72 -0.240997 -0.235834 -0.208076 -0.243861
1.74 -0.250579 -0.244209 -0.229244 -0.261585
1.76 -0.184537 -0.252408 -0.250276 -0.278999
1.78 -0.121674 -0.260433 -0.271164 -0.296209
1.8 -0.137802 -0.268285 -0.291896 -0.313296
1.82 -0.236034 -0.275964 -0.312464 -0.330324
1.84 -0.34391 -0.283473 -0.332858 -0.347331
1.86 -0.380017 -0.290811 -0.353069 -0.364338
1.88 -0.328825 -0.297981 -0.373089 -0.381349
1.9 -0.254963 -0.304983 -0.392909 -0.398353
1.92 -0.243791 -0.311817 -0.412519 -0.415333
1.94 -0.322912 -0.318487 -0.431913 -0.432261
1.96 -0.43679 -0.324991 -0.451082 -0.449112
1.98 -0.4978 -0.331333 -0.470019 -0.465861
2 -0.466783 -0.337511 -0.488715 -0.482489
2.02 -0.389046 -0.343529 -0.507164 -0.498987
2.04 -0.352693 -0.349386 -0.525359 -0.515353
2.06 -0.407624 -0.355084 -0.543292 -0.5316
2.08 -0.519644 -0.360624 -0.560957 -0.547751
2.1 -0.6019 -0.366006 -0.578347 -0.563838
2.12 -0.594722 -0.371233 -0.595457 -0.579907
2.14 -0.520483 -0.376305 -0.61228 -0.596007
2.16 -0.463017 -0.381224 -0.628811 -0.612195
2.18 -0.49054 -0.385989 -0.645044 -0.628526
2.2 -0.592925 -0.390603 -0.660973 -0.645054
2.22 -0.691007 -0.395067 -0.676593 -0.661828
2.24 -0.709361 -0.399381 -0.691899 -0.678886
2.26 -0.645641 -0.403546 -0.706887 -0.696253
2.28 -0.572732 -0.407565 -0.721552 -0.713936
2.3 -0.571732 -0.411437 -0.73589 -0.731927
2.32 -0.65739 -0.415164 -0.749896 -0.750194
2.34 -0.764533 -0.418747 -0.763566 -0.768683
2.36 -0.807988 -0.422187 -0.776897 -0.78732
2.38 -0.760878 -0.425485 -0.789884 -0.806008
2.4 -0.679333 -0.428642 -0.802525 -0.824629
2.42 -0.650873 -0.43166 -0.814816 -0.84305
2.44 -0.713944 -0.434539 -0.826754 -0.861118
2.46 -0.822561 -0.43728 -0.838336 -0.878674
2.48 -0.888583 -0.439885 -0.849559 -0.895547
2.5 -0.862748 -0.442355 -0.860421 -0.911565
2.52 -0.779953 -0.44469 -0.870919 -0.926561
2.54 -0.727172 -0.446892 -0.881051 -0.94037
2.56 -0.763485 -0.448962 -0.890815 -0.952844
2.58 -0.865755 -0.450901 -0.900208 -0.963848
2.6 -0.949899 -0.45271 -0.90923 -0.973271
2.62 -0.948187 -0.45439 -0.917878 -0.981026
2.64 -0.87151 -0.455942 -0.92615 -0.987054
2.66 -0.799362 -0.457368 -0.934047 -0.991328
2.68 -0.806752 -0.458668 -0.941565 -0.993852
2.7 -0.895235 -0.459843 -0.948705 -0.994666
2.72 -0.991482 -0.460895 -0.955464 -0.993841
2.74 -1.01469 -0.461824 -0.961844 -0.99148
2.76 -0.950878 -0.462632 -0.967841 -0.987719
2.78 -0.865727 -0.46332 -0.973457 -0.98272
2.8 -0.844198 -0.463889 -0.978691 -0.976669
2.82 -0.912416 -0.464339 -0.983542 -0.969772
2.84 -1.01364 -0.464673 -0.98801 -0.962252
2.86 -1.06045 -0.46489 -0.992095 -0.954341
2.88 -1.01508 -0.464993 -0.995798 -0.946275
2.9 -0.924184 -0.464982 -0.999117 -0.93829
2.92 -0.875902 -0.464859 -1.00205 -0.930617
2.94 -0.918845 -0.464624 -1.00461 -0.923472
2.96 -1.01739 -0.464278 -1.00678 -0.917057
2.98 -1.08444 -0.463823 -1.00858 -0.911549
3 -1.06148 -0.463259 -1.00999 -0.907103
3.02 -0.972402 -0.462588 -1.01102 -0.90384
3.04 -0.901512 -0.461812 -1.01168 -0.901852
3.06 -0.916033 -0.46093 -1.01195 -0.901196
3.08 -1.0043 -0.459944 -1.01185 -0.901892
3.1 -1.08647 -0.458855 -1.01138 -0.903926
3.12 -1.08795 -0.457664 -1.01053 -0.907247
3.14 -1.00795 -0.456372 -1.00931 -0.911771
3.16 -0.920248 -0.454981 -1.00772 -0.917383
3.18 -0.905311 -0.453491 -1.00576 -0.923937
3.2 -0.976352 -0.451904 -1.00343 -0.931263
3.22 -1.06717 -0.45022 -1.00073 -0.939171
3.24 -1.09301 -0.448441 -0.997673 -0.947452
3.26 -1.02849 -0.446567 -0.994252 -0.955887
3.28 -0.930944 -0.4446 -0.99047 -0.964249
3.3 -0.8877 -0.442542 -0.98633 -0.972311
3.32 -0.935798 -0.440392 -0.981835 -0.979847
3.34 -1.02794 -0.438152 -0.976985 -0.986641
3.36 -1.07596 -0.435823 -0.971785 -0.992492
3.38 -1.03192 -0.433407 -0.966235 -0.997213
3.4 -0.932133 -0.430904 -0.960339 -1.00064
3.42 -0.863835 -0.428315 -0.9541 -1.00263
3.44 -0.88494 -0.425641 -0.947519 -1.00308
3.46 -0.970816 -0.422885 -0.9406 -1.00189
3.48 -1.03693 -0.420045 -0.933345 -0.999013
3.5 -1.01657 -0.417125 -0.925758 -0.994427
3.52 -0.922179 -0.414124 -0.917842 -0.988135
3.54 -0.833921 -0.411044 -0.909598 -0.980172
3.56 -0.82598 -0.407886 -0.901031 -0.970602
3.58 -0.898357 -0.404652 -0.892144 -0.959511
3.6 -0.976874 -0.401341 -0.88294 -0.947011
3.62 -0.981374 -0.397955 -0.873423 -0.933232
3.64 -0.899423 -0.394496 -0.863595 -0.918321
3.66 -0.797741 -0.390964 -0.853461 -0.902436
3.68 -0.760868 -0.38736 -0.843024 -0.885743
3.7 -0.813438 -0.383686 -0.832287 -0.868415
3.72 -0.897537 -0.379943 -0.821254 -0.850623
3.74 -0.925951 -0.376131 -0.80993 -0.832534
3.76 -0.862355 -0.372252 -0.798318 -0.81431
3.78 -0.754714 -0.368307 -0.786422 -0.796101
3.8 -0.691188 -0.364297 -0.774246 -0.778043
3.82 -0.719082 -0.360223 -0.761794 -0.760256
3.84 -0.801361 -0.356086 -0.74907 -0.742843
3.86 -0.850701 -0.351887 -0.736079 -0.725886
3.88 -0.80978 -0.347627 -0.722825 -0.709446
3.9 -0.703987 -0.343307 -0.709312 -0.693563
3.92 -0.61808 -0.33893 -0.695545 -0.678255
3.94 -0.618268 -0.334494 -0.681528 -0.663519
3.96 -0.691343 -0.330002 -0.667266 -0.649335
3.98 -0.756828 -0.325455 -0.652763 -0.63566
4 -0.740973 -0.320853 -0.638025 -0.622437
4.02 -0.644567 -0.316199 -0.623056 -0.609595
4.04 -0.542215 -0.311492 -0.607861 -0.597051
4.06 -0.513756 -0.306734 -0.592445 -0.584711
4.08 -0.570861 -0.301927 -0.576813 -0.572477
4.1 -0.646314 -0.29707 -0.560971 -0.560247
4.12 -0.655809 -0.292166 -0.544922 -0.547917
4.14 -0.575472 -0.287215 -0.528674 -0.535387
4.16 -0.463816 -0.282218 -0.51223 -0.522559
4.18 -0.407946 -0.277177 -0.495597 -0.509346
4.2 -0.443489 -0.272092 -0.478779 -0.495666
4.22 -0.521837 -0.266965 -0.461783 -0.481452
4.24 -0.55485 -0.261797 -0.444613 -0.466645
4.26 -0.495893 -0.256589 -0.427277 -0.451203
4.28 -0.382721 -0.251341 -0.409778 -0.435097
4.3 -0.302775 -0.246056 -0.392124 -0.418312
4.32 -0.312791 -0.240733 -0.37432 -0.400847
4.34 -0.38665 -0.235375 -0.356371 -0.382717
4.36 -0.439393 -0.229981 -0.338285 -0.363948
4.38 -0.405344 -0.224555 -0.320066 -0.344579
4.4 -0.298493 -0.219095 -0.301722 -0.324658
4.42 -0.199647 -0.213604 -0.283258 -0.304244
4.44 -0.182138 -0.208082 -0.26468 -0.283402
4.46 -0.244413 -0.202532 -0.245996 -0.262203
4.48 -0.311465 -0.196952 -0.22721 -0.240721
4.5 -0.303805 -0.191346 -0.20833 -0.21903
4.52 -0.210549 -0.185713 -0.189363 -0.197204
4.54 -0.0994305 -0.180056 -0.170313 -0.175317
4.56 -0.0545376 -0.174374 -0.15119 -0.153435
4.58 -0.0990064 -0.16867 -0.131998 -0.13162
4.6 -0.173759 -0.162943 -0.112744 -0.109928
4.62 -0.191826 -0.157196 -0.0934363 -0.0884051
4.64 -0.118313 -0.15143 -0.0740804 -0.0670902
4.66 -0.00249109 -0.145644 -0.0546835 -0.0460121
4.68 0.0674984 -0.139842 -0.0352524 -0.0251905
4.7 0.04567 -0.134023 -0.0157942 -0.00463545
4.72 -0.0295323 -0.128188 0.00368426 0.0156516
4.74 -0.0705883 -0.12234 0.0231759 0.0356775
4.76 -0.0213746 -0.116478 0.0426737 0.0554568
4.78 0.0912286 -0.110604 0.0621706 0.0750102
4.8 0.182043 -0.104719 0.0816594 0.0943636
4.82 0.1859 -0.0988242 0.101133 0.113546
4.84 0.117544 -0.0929206 0.120584 0.132591
4.86 0.0580746 -0.0870092 0.140005 0.15153
4.88 0.0803737 -0.0810912 0.15939 0.170396
4.9 0.182091 -0.0751675 0.17873 0.189218
4.92 0.287799 -0.0692394 0.198019 0.208025
4.94 0.318332 -0.0633079 0.217249 0.226839
4.96 0.263564 -0.057374 0.236413 0.245677
4.98 0.191712 -0.0514388 0.255504 0.264551
5 0.186609 -0.0455035 0.274513 0.283464
5.02 0.270623 -0.0395691 0.293434 0.302415
5.04 0.384083 -0.0336367 0.31226 0.321393
5.06 0.440135 -0.0277073 0.330983 0.340383
5.08 0.404587 -0.0217821 0.349595 0.359362
5.1 0.327339 -0.0158622 0.36809 0.378299
5.12 0.296496 -0.00994851 0.386459 0.397163
5.14 0.357362 -0.00404225 0.404697 0.415915
5.16 0.470777 0.00185553 0.422794 0.434514
5.18 0.549114 0.00774375 0.440744 0.452919
5.2 0.536841 0.0136213 0.458539 0.471087
5.22 0.461563 0.0194872 0.476173 0.488978
5.24 0.408642 0.0253402 0.493637 0.506554
5.26 0.442704 0.0311794 0.510925 0.52378
5.28 0.548221 0.0370036 0.528029 0.540627
5.3 0.643775 0.0428118 0.544943 0.557072
5.32 0.656913 0.0486028 0.561658 0.5731
5.34 0.59075 0.0543756 0.578168 0.588701
5.36 0.521099 0.0601291 0.594466 0.603876
5.38 0.526767 0.0658622 0.610545 0.618632
5.4 0.617088 0.0715739 0.626398 0.632987
5.42 0.723341 0.077263 0.642017 0.646963
5.44 0.761923 0.0829286 0.657396 0.660591
5.46 0.711209 0.0885694 0.672529 0.673909
5.48 0.631427 0.0941844 0.687407 0.686958
5.5 0.609281 0.0997726 0.702026 0.699785
5.52 0.678229 0.105333 0.716377 0.712437
5.54 0.787717 0.110864 0.730455 0.724963
5.56 0.849654 0.116365 0.744253 0.73741
5.58 0.819395 0.121835 0.757765 0.749822
5.6 0.736785 0.127273 0.770984 0.762239
5.62 0.68952 0.132677 0.783904 0.774694
5.64 0.732514 0.138047 0.796519 0.787211
5.66 0.837409 0.143381 0.808824 0.799807
5.68 0.918639 0.148679 0.820811 0.812486
5.7 0.9121 0.153939 0.832476 0.825242
5.72 0.834077 0.15916 0.843812 0.838057
5.74 0.766273 0.164341 0.854815 0.850901
5.76 0.780682 0.169482 0.865478 0.863729
5.78 0.873399 0.17458 0.875796 0.876487
5.8 0.968204 0.179635 0.885764 0.88911
5.82 0.986635 0.184647 0.895377 0.901521
5.84 0.920123 0.189613 0.90463 0.913636
5.86 0.837865 0.194532 0.913519 0.925364
5.88 0.823205 0.199404 0.922037 0.936609
5.9 0.897 0.204228 0.930182 0.947275
5.92 0.998446 0.209002 0.937948 0.957264
5.94 1.04097 0.213726 0.945331 0.96648
5.96 0.991842 0.218397 0.952327 0.974835
5.98 0.902233 0.223016 0.958932 0.982248
6 0.860195 0.227581 0.965143 0.988648
6.02 0.90969 0.232091 0.970955 0.993977
6.04 1.01017 0.236545 0.976366 0.998193
6.06 1.07386 0.240942 0.981371 1.00127
6.08 1.04645 0.24528 0.985968 1.0032
6.1 0.957028 0.249559 0.990154 1.004
6.12 0.891339 0.253778 0.993927 1.0037
6.14 0.912943 0.257936 0.997282 1.00234
6.16 1.00478 0.26203 1.00022 1.00001
6.18 1.08486 0.266061 1.00273 0.99679
6.2 1.08163 0.270028 1.00483 0.992791
6.22 0.999772 0.273928 1.00649 0.988136
6.24 0.915889 0.277762 1.00773 0.98296
6.26 0.90808 0.281528 1.00855 0.977409
6.28 0.984136 0.285224 1.00893 0.971637
6.3 1.07437 0.288851 1.00888 0.9658
6.32 1.0957 0.292406 1.0084 0.960053
6.34 1.02802 0.295889 1.00749 0.954548
6.36 0.932695 0.299299 1.00615 0.949428
6.38 0.89614 0.302634 1.00437 0.944823
6.4 0.950369 0.305894 1.00216 0.940849
6.42 1.04357 0.309077 0.99952 0.937602
6.44 1.08772 0.312182 0.996446 0.935155
6.46 1.03955 0.315209 0.99294 0.933557
6.48 0.940288 0.318155 0.989004 0.932828
6.5 0.877784 0.321021 0.984638 0.932962
6.52 0.905729 0.323805 0.979844 0.93392
6.54 0.994297 0.326505 0.974622 0.935637
6.56 1.05757 0.329122 0.968976 0.938016
6.58 1.03253 0.331653 0.962906 0.940933
6.6 0.936994 0.334097 0.956415 0.944239
6.62 0.853253 0.336455 0.949505 0.947759
6.64 0.852394 0.338723 0.942178 0.951301
6.66 0.928959 0.340903 0.934439 0.954656
6.68 1.00596 0.342991 0.926288 0.957604
6.7 1.00568 0.344988 0.917731 0.959917
6.72 0.921089 0.346892 0.908769 0.961367
6.74 0.822361 0.348702 0.899408 0.961729
6.76 0.792322 0.350417 0.88965 0.960789
6.78 0.850318 0.352035 0.8795 0.958346
6.8 0.934429 0.353557 0.868962 0.95422
6.82 0.958402 0.35498 0.858041 0.948253
6.84 0.890957 0.356305 0.846742 0.940319
6.86 0.784544 0.357528 0.835068 0.930322
6.88 0.727131 0.35865 0.823027 0.918204
6.9 0.761326 0.35967 0.810622 0.903941
6.92 0.845209 0.360586 0.79786 0.887551
6.94 0.890877 0.361397 0.784746 0.86909
6.96 0.845268 0.362102 0.771286 0.848651
6.98 0.738946 0.362701 0.757487 0.826367
7 0.658009 0.363191 0.743354 0.802402
7.02 0.664934 0.363572 0.728895 0.776955
7.04 0.741142 0.363844 0.714116 0.750249
7.06 0.804081 0.364003 0.699024 0.722531
7.08 0.783134 0.364051 0.683626 0.694062
7.1 0.684544 0.363985 0.66793 0.665115
7.12 0.585683 0.363805 0.651942 0.635969
7.14 0.56392 0.363509 0.635671 0.606896
7.16 0.625494 0.363097 0.619124 0.578164
7.18 0.699784 0.362567 0.602309 0.550022
7.2 0.704243 0.361918 0.585235 0.522701
7.22 0.620296 0.361149 0.567909 0.496404
7.24 0.510426 0.360259 0.550341 0.471303
7.26 0.46073 0.359247 0.532537 0.447535
7.28 0.501771 0.358112 0.514508 0.425199
7.3 0.580482 0.356853 0.496262 0.404354
7.32 0.608964 0.355468 0.477808 0.385019
7.34 0.545303 0.353957 0.459155 0.36717
7.36 0.432116 0.352319 0.440312 0.350748
7.38 0.357371 0.350552 0.421289 0.335653
7.4 0.373521 0.348655 0.402094 0.321755
7.42 0.44928 0.346628 0.382737 0.308894
7.44 0.498398 0.344469 0.363229 0.296885
7.46 0.458965 0.342177 0.343577 0.28553
7.48 0.350334 0.339751 0.323793 0.274615
7.5 0.25534 0.33719 0.303885 0.263924
7.52 0.244143 0.334493 0.283864 0.253242
7.54 0.309736 0.331659 0.26374 0.242363
7.56 0.374389 0.328686 0.243522 0.231097
7.58 0.361123 0.325574 0.22322 0.219273
7.6 0.264492 0.322322 0.202845 0.206745
7.62 0.155595 0.318928 0.182406 0.193397
7.64 0.116716 0.315392 0.161913 0.179146
7.66 0.16568 0.311711 0.141376 0.16394
7.68 0.239471 0.307887 0.120806 0.147764
7.7 0.252177 0.303916 0.100213 0.130636
7.72 0.173982 0.299798 0.0796054 0.112604
7.74 0.0585898 0.295532 0.0589944 0.0937446
7.76 -0.0061478 0.291118 0.0383896 0.0741599
7.78 0.0210085 0.286553 0.0178008 0.0539697
7.8 0.0967764 0.281836 -0.00276203 0.0333068
7.82 0.133153 0.276968 -0.0232892 0.012311
7.84 0.0783327 0.271946 -0.043771 -0.00887798
7.86 -0.0356581 0.266769 -0.0641979 -0.030127
7.88 -0.122396 0.261437 -0.0845603 -0.0513155
7.9 -0.120511 0.255948 -0.104849 -0.0723415
7.92 -0.0501052 0.250302 -0.125054 -0.0931263
7.94 0.00574103 0.244496 -0.145166 -0.113618
7.96 -0.0226441 0.238531 -0.165177 -0.133795
7.98 -0.127458 0.232405 -0.185078 -0.153666
8 -0.230592 0.226117 -0.204859 -0.17327
8.02 -0.255434 0.219665 -0.224512 -0.192673
8.04 -0.197302 0.213049 -0.244028 -0.211969
8.06 -0.127737 0.206268 -0.263399 -0.231268
8.08 -0.128725 0.199321 -0.282617 -0.250696
8.1 -0.21731 0.192206 -0.301673 -0.270383
8.12 -0.329917 0.184922 -0.320561 -0.29046
8.14 -0.380797 0.177469 -0.339271 -0.311045
8.16 -0.340854 0.169845 -0.357797 -0.332237
8.18 -0.264392 0.16205 -0.376131 -0.354107
8.2 -0.239179 0.154081 -0.394267 -0.376693
8.22 -0.305748 0.145939 -0.412196 -0.39999
8.24 -0.420122 0.137621 -0.429914 -0.423947
8.26 -0.494242 0.129127 -0.447413 -0.448463
8.28 -0.47692 0.120456 -0.464687 -0.47339
8.3 -0.400893 0.111607 -0.48173 -0.498529
8.32 -0.35272 0.102578 -0.498536 -0.523639
8.34 -0.393193 0.0933693 -0.515101 -0.548443
8.36 -0.501437 0.0839786 -0.531418 -0.572634
8.38 -0.594098 0.0744053 -0.547484 -0.595891
8.4 -0.60197 0.0646484 -0.563292 -0.617887
8.42 -0.533618 0.0547066 -0.578839 -0.638309
8.44 -0.467495 0.0445789 -0.594121 -0.656869
8.46 -0.479808 0.0342643 -0.609133 -0.67332
8.48 -0.574447 0.0237616 -0.623872 -0.687472
8.5 -0.679403 0.0130699 -0.638335 -0.699205
8.52 -0.712965 0.0021879 -0.652518 -0.708478
8.54 -0.658841 -0.00888534 -0.666419 -0.715337
8.56 -0.58113 -0.020151 -0.680035 -0.719923
8.58 -0.565383 -0.03161 -0.693364 -0.722469
8.6 -0.639945 -0.0432636 -0.706404 -0.723298
8.62 -0.749885 -0.0551128 -0.719152 -0.722813
8.64 -0.807497 -0.0671587 -0.731608 -0.721484
8.66 -0.772931 -0.0794023 -0.74377 -0.719833
8.68 -0.690824 -0.0918448 -0.755637 -0.71841
8.7 -0.649257 -0.104487 -0.767208 -0.717769
8.72 -0.698769 -0.117331 -0.778483 -0.718445
8.74 -0.805885 -0.130376 -0.789461 -0.720922
8.76 -0.883891 -0.143625 -0.800142 -0.725611
8.78 -0.87255 -0.157078 -0.810527 -0.732825
8.8 -0.793482 -0.170736 -0.820615 -0.742755
8.82 -0.730281 -0.184601 -0.830407 -0.755458
8.84 -0.751655 -0.198673 -0.839904 -0.770843
8.86 -0.84825 -0.212954 -0.849106 -0.788673
8.88 -0.941251 -0.227445 -0.858015 -0.808566
8.9 -0.954834 -0.242146 -0.866631 -0.830011
8.92 -0.885878 -0.257059 -0.874955 -0.852392
8.94 -0.80683 -0.272185 -0.882989 -0.875013
8.96 -0.799094 -0.287525 -0.890735 -0.897137
8.98 -0.878184 -0.30308 -0.898193 -0.918029
9 -0.979459 -0.318851 -0.905365 -0.936996
9.02 -1.01755 -0.33484 -0.912252 -0.953431
9.04 -0.96484 -0.351047 -0.918856 -0.966856
9.06 -0.876862 -0.367473 -0.925178 -0.97696
9.08 -0.84123 -0.38412 -0.931219 -0.983618
9.1 -0.897088 -0.400988 -0.936981 -0.986913
9.12 -0.999119 -0.418079 -0.942464 -0.987138
9.14 -1.05921 -0.435394 -0.94767 -0.984778
9.16 -1.02745 -0.452933 -0.952598 -0.980487
9.18 -0.938026 -0.470698 -0.95725 -0.975045
9.2 -0.877789 -0.488691 -0.961625 -0.969299
9.22 -0.906394 -0.506911 -0.965724 -0.964103
9.24 -1.00146 -0.525361 -0.969545 -0.960242
9.26 -1.07914 -0.54404 -0.973087 -0.958368
9.28 -1.07121 -0.562952 -0.97635 -0.958932
9.3 -0.987798 -0.582095 -0.979331 -0.962133
9.32 -0.908059 -0.601472 -0.982028 -0.967887
9.34 -0.90741 -0.621083 -0.984437 -0.975822
9.36 -0.988187 -0.64093 -0.986555 -0.985292
9.38 -1.0775 -0.661014 -0.988377 -0.995434
9.4 -1.09424 -0.681336 -0.989899 -1.00524
9.42 -1.02365 -0.701896 -0.991113 -1.01367
9.44 -0.930912 -0.722697 -0.992013 -1.01975
9.46 -0.901185 -0.743738 -0.99259 -1.02273
9.48 -0.961338 -0.765022 -0.992837 -1.02215
9.5 -1.05524 -0.786549 -0.992741 -1.01796
9.52 -1.09535 -0.80832 -0.992293 -1.01054
9.54 -1.04324 -0.830336 -0.99148 -1.00072
9.56 -0.944878 -0.852599 -0.990287 -0.989663
9.58 -0.888408 -0.875109 -0.988699 -0.97873
9.6 -0.923086 -0.897868 -0.986699 -0.969288
9.62 -1.01401 -0.920877 -0.984269 -0.962461
9.64 -1.07419 -0.944137 -0.981388 -0.958891
9.66 -1.04456 -0.967648 -0.978034 -0.958538
9.68 -0.948257 -0.991412 -0.974183 -0.960586
9.7 -0.869353 -1.01543 -0.969809 -0.963491
9.72 -0.875579 -1.0397 -0.964885 -0.965228
9.74 -0.956039 -1.06423 -0.959379 -0.963729
9.76 -1.03124 -1.08902 -0.953259 -0.957484
9.78 -1.02616 -1.11407 -0.94649 -0.946185
9.8 -0.93926 -1.13937 -0.939034 -0.931224
9.82 -0.843866 -1.16494 -0.93085 -0.915768
9.84 -0.820776 -1.19076 -0.921897 -0.904093
9.86 -0.883974 -1.21685 -0.912127 -0.899923
9.88 -0.967774 -1.2432 -0.90149 -0.90377
9.9 -0.987215 -1.26982 -0.889936 -0.909898
9.92 -0.916178 -1.29671 -0.877407 -0.904744
9.94 -0.811401 -1.32386 -0.863844 -0.870856
9.96 -0.760321 -1.35128 -0.849183 -0.804059
9.98 -0.800684 -1.37896 -0.833359 -0.757524
10 -0.885849 -1.40692 -0.8163 -0.93563
